EYE_POSITION_DATA
60
idx, x, y, z
0,0.4856027,0.8096136

1,0.4900406,0.7994275

2,0.5115504,0.7730033

3,0.5115504,0.7730033

4,0.5115504,0.7730033

5,0.5115504,0.7730033

6,0.4820009,0.7888653

7,0.4782408,0.8065698

8,0.4764864,0.8248067

9,0.4736739,0.8648964

10,0.4728422,0.8826089

11,0.4720252,0.9101812

12,0.4716923,0.920065

13,0.4707607,0.9329733

14,0.4706192,0.9391265

15,0.4706018,0.9420395

16,0.4700486,0.9476137

17,0.4694982,0.9489896

18,0.4692363,0.9501674

19,0.4701625,0.9508529

20,0.4706635,0.9519981

21,0.4703757,0.9519895

22,0.4698807,0.9520059

23,0.4697858,0.9533012

24,0.4701457,0.9559585

25,0.4703107,0.9557824

26,0.4701244,0.9559155

27,0.4694629,0.9564487

28,0.4687193,0.9575543

29,0.4690938,0.9579155

30,0.4691621,0.9572096

31,0.4690161,0.9573201

32,0.4686344,0.9577897

33,0.4686147,0.9571888

34,0.4690056,0.9560474

35,0.468974,0.9562286

36,0.4690922,0.9567112

37,0.4692149,0.9517143

38,0.4741289,0.8825207

39,0.487264,0.7199551

40,0.4903292,0.6493558

41,0.4950465,0.5621915

42,0.4966302,0.5350736

43,0.4986839,0.5065642

44,0.4985974,0.5025273

45,0.4964315,0.4946845

46,0.4958637,0.4905709

47,0.4942557,0.4858387

48,0.4934196,0.4846709

49,0.494038,0.4830449

50,0.4946263,0.4847066

51,0.4952775,0.4902285

52,0.4954656,0.4911103

53,0.4970085,0.4938219

54,0.4977436,0.4949068

55,0.4978691,0.494655

56,0.4976466,0.4950731

57,0.4969394,0.4965909

58,0.4963432,0.4967301

59,0.4956512,0.4977178

60,0.4957442,0.4983168

61,0.4963738,0.4986786

62,0.4966839,0.4993219

63,0.4967531,0.5009509

64,0.4966427,0.5017199

65,0.4966008,0.5037192

66,0.4962976,0.5044144

67,0.4963219,0.5056026

68,0.4962502,0.5059522

69,0.4957079,0.5064847

70,0.4956482,0.5069072

71,0.4974675,0.5062444

72,0.5092884,0.4938335

73,0.5193696,0.4805212

74,0.5366379,0.4519403

75,0.543763,0.4402055

76,0.5555292,0.4216367

77,0.5600716,0.4163803

78,0.5654718,0.4097888

79,0.5670483,0.4069722

80,0.5700753,0.4050572

81,0.5716567,0.4044471

82,0.573893,0.4037602

83,0.574499,0.4037775

84,0.5750956,0.4028711

85,0.5750015,0.4022432

86,0.5751957,0.4009846

87,0.5751224,0.4001068

88,0.5743758,0.3973632

89,0.5738093,0.3961742

90,0.5734125,0.3955934

91,0.5735297,0.3957632

92,0.5732106,0.3954883

93,0.5730532,0.3950796

94,0.5733669,0.3941103

95,0.5735981,0.3936945

96,0.5734521,0.3917002

97,0.5731341,0.3910195

98,0.5732047,0.3896152

99,0.5745169,0.38846

100,0.5754573,0.3875054

101,0.5791506,0.3943403

102,0.5820634,0.4054902

103,0.5888585,0.4363275

104,0.5919423,0.4508379

105,0.5977197,0.4718885

106,0.6002943,0.4792155

107,0.6035325,0.4913262

108,0.6038932,0.4949178

109,0.6038663,0.5006365

110,0.6042282,0.5030819

111,0.6049072,0.5058728

112,0.6053294,0.5064189

113,0.605961,0.5054598

114,0.6055716,0.5050089

115,0.6050667,0.5049189

116,0.6053129,0.5041028

117,0.6060671,0.5030615

118,0.6063904,0.5028933

119,0.6142994,0.4971099

120,0.6225178,0.4903817

121,0.6753532,0.4454204

122,0.7202399,0.4158654

123,0.7844585,0.3716653

124,0.8200753,0.3475623

125,0.8313212,0.3408378

126,0.8428373,0.3335488

127,0.8457121,0.3314412

128,0.8495296,0.3280003

129,0.8508751,0.3252755

130,0.853289,0.3204781

131,0.8546277,0.3186987

132,0.8559576,0.3164196

133,0.8558401,0.3146074

134,0.8552504,0.3104069

135,0.8545881,0.3099451

136,0.8530988,0.3086974

137,0.8525752,0.3078742

138,0.8512655,0.3075739

139,0.8510921,0.3074108

140,0.8517182,0.3060101

141,0.8519554,0.3044798

142,0.852371,0.3014331

143,0.8526353,0.3003911

144,0.8521501,0.298513

145,0.8520108,0.2980647

146,0.8510338,0.2971444

147,0.8503193,0.2963407

148,0.8503228,0.2960983

149,0.8503661,0.2964872

150,0.8501785,0.2968145

151,0.8503322,0.2967254

152,0.8508329,0.2939976

153,0.8505836,0.2926269

154,0.8496267,0.2893338

155,0.8495899,0.2870105

156,0.8497531,0.286586

157,0.8500729,0.284684

158,0.8501216,0.2833081

159,0.8492821,0.2804814

160,0.8489689,0.2793737

161,0.849373,0.2791652

162,0.8497239,0.2791

163,0.850251,0.2779801

164,0.8499644,0.2770326

165,0.8764883,0.2079944

166,0.8901886,0.1827119

167,0.9130701,0.1456707

168,0.9216191,0.1320833

169,0.93161,0.1130107

170,0.93449,0.1057501

171,0.9385361,0.09857841

172,0.9397502,0.09706221

173,0.9417199,0.09107561

174,0.9424637,0.08745191

175,0.9435577,0.08217349

176,0.9444194,0.0807841

177,0.9457215,0.08072091

178,0.9456517,0.08125318

179,0.9448068,0.08271317

180,0.9447435,0.0815784

181,0.9461535,0.07281737

182,0.9469115,0.06709151

183,0.9483301,0.05936689

184,0.9497673,0.05429067

185,0.9505234,0.05179998

186,0.9517039,0.04833625

187,0.9518238,0.04629471

188,0.9512985,0.04386941

189,0.9511237,0.04409809

190,0.9513648,0.04360934

191,0.9517887,0.0434205

192,0.9544979,0.04114102

193,0.9556357,0.03805247

194,0.9566236,0.03498973

195,0.9574099,0.03489166

196,0.9590828,0.03483852

197,0.959846,0.03524532

198,0.9609823,0.03604715

199,0.9616379,0.03599983

200,0.9627904,0.03544194

201,0.9627506,0.03655741

202,0.9630039,0.03819859

203,0.9634316,0.03743219

204,0.9638566,0.035782

205,0.9640029,0.03480572

206,0.9642738,0.0327206

207,0.9640833,0.03180642

208,0.9639035,0.02899264

209,0.964254,0.02707902

210,0.9621906,0.02780007

211,0.9500617,0.04008083

212,0.8959998,0.1319406

213,0.7880662,0.3448832

214,0.7513626,0.4370919

215,0.7199241,0.5728422

216,0.7135675,0.6087903

217,0.7076751,0.6450552

218,0.7066817,0.6552891

219,0.7051781,0.663849

220,0.7045951,0.6651847

221,0.703739,0.6671113

222,0.7037438,0.668138

223,0.7034018,0.6683974

224,0.7030817,0.6679024

225,0.703003,0.6658968

226,0.7032934,0.6650871

227,0.7037691,0.66479

228,0.7038603,0.6638891

229,0.7040964,0.6625116

230,0.7044938,0.6627561

231,0.7046891,0.6612107

232,0.7045344,0.6605808

233,0.7050381,0.6611953

234,0.7050969,0.661182

235,0.7046822,0.6597653

236,0.7042974,0.6587357

237,0.7038623,0.6569606

238,0.7040887,0.656368

239,0.7048548,0.6548339

240,0.7059844,0.6508862

241,0.7134339,0.6251194

242,0.7553602,0.4829145

243,0.7775219,0.4047025

244,0.878361,0.1938202

245,0.9069432,0.142789

246,0.9355388,0.07638688

247,0.942588,0.05716427

248,0.9504736,0.02685395

249,0.9516771,0.005236436

250,0.9528647,-0.008841133

251,0.9536266,-0.005299629

252,0.9571207,-0.005042444

253,0.9576975,-0.004841771

254,0.9562884,-0.003915145

255,0.9558429,-0.003814625

256,0.9553489,-0.005095401

257,0.9555422,-0.006784143

258,0.9568678,-0.01033276

259,0.9572459,-0.01153876

260,0.950504,-0.006646234

261,0.9442257,-0.005066716

262,0.9348041,0.004179073

263,0.931524,0.01024915

264,0.9252945,0.02204356

265,0.9108768,0.04006104

266,0.8187857,0.1345504

267,0.7561737,0.1830075

268,0.6534516,0.254898

269,0.6227093,0.2749664

270,0.5900233,0.2972739

271,0.5763401,0.3087828

272,0.5740675,0.3140541

273,0.5711161,0.3200566

274,0.5705535,0.3219395

275,0.5708261,0.3237073

276,0.5711624,0.3243843

277,0.5703027,0.3241096

278,0.5692131,0.3226359

279,0.5684534,0.3221178

280,0.5678234,0.321624

281,0.5669662,0.3194561

282,0.5666574,0.3179879

283,0.5662111,0.3177256

284,0.566949,0.3192579

285,0.5663682,0.3185638

286,0.5604331,0.3130944

287,0.5362158,0.2957565

288,0.5245754,0.2879267

289,0.5078218,0.272819

290,0.501826,0.2675252

291,0.4928014,0.2604844

292,0.4893967,0.2569654

293,0.4841462,0.252819

294,0.4793418,0.250678

295,0.4778101,0.2493538

296,0.4760621,0.2476787

297,0.4752524,0.2471837

298,0.4741512,0.2478057

299,0.4739964,0.2478262

300,0.4733953,0.2462715

301,0.4733461,0.2452383

302,0.4731113,0.2438583

303,0.4709671,0.2450714

304,0.4533213,0.2650969

305,0.4401554,0.2909033

306,0.4159628,0.3526595

307,0.406085,0.3760413

308,0.3910039,0.4109789

309,0.3868621,0.4216855

310,0.3831438,0.4342322

311,0.3814143,0.4373654

312,0.378733,0.4404497

313,0.3776603,0.4420522

314,0.3771309,0.4457601

315,0.377363,0.4453991

316,0.3767551,0.4424047

317,0.3764886,0.4423717

318,0.3766203,0.4434681

319,0.3765202,0.4430989

320,0.3764034,0.4413749

321,0.3761161,0.4403763

322,0.3756699,0.4384051

323,0.3755703,0.4375346

324,0.3753841,0.4350308

325,0.3754351,0.4341333

326,0.3759496,0.4336815

327,0.3760711,0.433282

328,0.3759865,0.432119

329,0.3762543,0.4320389

330,0.3762919,0.4316549

331,0.3756702,0.4289886

332,0.374049,0.4236676

333,0.3685907,0.3991983

334,0.366137,0.3832629

335,0.3612887,0.3535531

336,0.3594378,0.3410327

337,0.3584993,0.3215864

338,0.3589302,0.3137062

339,0.3589075,0.3038942

340,0.3583818,0.3007791

341,0.3570515,0.2960343

342,0.3565092,0.2935065

343,0.3558564,0.2897209

344,0.3557328,0.2883738

345,0.3558491,0.284786

346,0.3558415,0.2828618

347,0.3559285,0.2798249

348,0.3557132,0.2789288

349,0.3549267,0.2777033

350,0.3549398,0.2771879

351,0.3550758,0.2762656

352,0.3551633,0.2759102

353,0.3550097,0.2752495

354,0.3548571,0.2743368

355,0.3548142,0.2738203

356,0.3541499,0.2737857

357,0.3539844,0.273793

358,0.3536904,0.2735063

359,0.3535508,0.2731694

360,0.3537014,0.2727442

361,0.3531219,0.2720091

362,0.3492745,0.2693965

363,0.3277414,0.2564824

364,0.2908538,0.2231278

365,0.2776963,0.2069178

366,0.2593294,0.1836531

367,0.2530486,0.1760024

368,0.2449189,0.1668234

369,0.2421985,0.1644946

370,0.238089,0.1611051

371,0.2361125,0.1599887

372,0.2331222,0.1581429

373,0.2328839,0.1567953

374,0.2326871,0.1553674

375,0.2319083,0.1555796

376,0.2306837,0.1549707

377,0.2305277,0.1535301

378,0.2298509,0.1521879

379,0.2294976,0.1521168

380,0.2292233,0.1517903

381,0.228964,0.1529661

382,0.2288169,0.1534296

383,0.2294945,0.1534094

384,0.2284454,0.1548705

385,0.2142128,0.1805442

386,0.2000836,0.2093984

387,0.1136578,0.4807516

388,0.08312821,0.576436

389,0.0589734,0.7173035

390,0.05574694,0.7525194

391,0.05212343,0.7824334

392,0.05129445,0.7892771

393,0.04407293,0.8137408

394,0.04065141,0.8242241

395,0.03874499,0.8297898

396,0.03880623,0.8301532

397,0.04005915,0.8301189

398,0.0409357,0.8294966

399,0.04057807,0.8279073

400,0.04004335,0.8276696

401,0.03973889,0.8256413

402,0.04015306,0.824524

403,0.0415118,0.8249747

404,0.04209688,0.8248164

405,0.04308259,0.8230948

406,0.04332596,0.8223511

407,0.04308391,0.8201703

408,0.04290146,0.819419

409,0.04330853,0.8200987

410,0.04350883,0.8203017

411,0.04535872,0.8210197

412,0.04613647,0.8215041

413,0.0469074,0.8212238

414,0.04687235,0.8204468

415,0.04690713,0.8199366

416,0.04708678,0.81919

417,0.0471752,0.818915

418,0.04666582,0.820819

419,0.04518771,0.8250601

420,0.04211903,0.8356994

421,0.04058373,0.8418276

422,0.03918821,0.8473979

423,0.03918821,0.8473979

424,0.03918821,0.8473979

425,0.03918821,0.8473979

426,0.03918821,0.8473979

427,0.03918821,0.8473979

428,0.03918821,0.8473979

429,0.03918821,0.8473979

430,0.03918821,0.8473979

431,0.1402561,0.7758144

432,0.1660832,0.7537075

433,0.1919171,0.7237172

434,0.2560151,0.6445382

435,0.2860019,0.6079448

436,0.3246725,0.5558456

437,0.3362456,0.5403834

438,0.349288,0.5232657

439,0.3528602,0.5186932

440,0.3574448,0.5151992

441,0.3600767,0.5145226

442,0.3607053,0.5146255

443,0.3613611,0.5141621

444,0.3615223,0.5143564

445,0.3623058,0.5149761

446,0.362838,0.5158333

447,0.3625049,0.5179672

448,0.3618318,0.5174195

449,0.3611562,0.5153884

450,0.3612672,0.5149813

451,0.3614552,0.5153287

452,0.3615051,0.5163888

453,0.3613783,0.5184156

454,0.3610956,0.5188672

455,0.3607056,0.5192088

456,0.3603342,0.5194293

457,0.3600662,0.5202895

458,0.3622053,0.516686

459,0.3754804,0.4946562

460,0.3853964,0.4790697

461,0.4037547,0.4490169

462,0.4109249,0.4369252

463,0.4205962,0.4202029

464,0.4241912,0.415207

465,0.4298782,0.4064653

466,0.4318489,0.4026559

467,0.4344786,0.3979908

468,0.4353789,0.393754

469,0.4360523,0.3918955

470,0.4407094,0.3936767

471,0.4480298,0.3991925

472,0.479512,0.4204332

473,0.4959185,0.4302289

474,0.5213317,0.4452342

475,0.5305377,0.4511509

476,0.5404443,0.4577466

477,0.5437707,0.460032

478,0.5492251,0.4633679

479,0.5511611,0.4640631

480,0.555445,0.4667026

481,0.5570095,0.468583

482,0.5582231,0.4699162

483,0.5588377,0.470367

484,0.5598254,0.4710434

485,0.5599504,0.4706718

486,0.5600622,0.4715324

487,0.559889,0.4723662

488,0.5594435,0.473068

489,0.559283,0.4734075

490,0.5599291,0.4743866

491,0.5602781,0.4743693

492,0.5602838,0.4731355

493,0.5602145,0.4724115

494,0.5596372,0.4708297

495,0.5594839,0.4701295

496,0.560289,0.4702118

497,0.5606208,0.4707834

498,0.5606632,0.47062

499,0.560869,0.469651

500,0.5611715,0.4698433

501,0.5596798,0.4733703

502,0.5561066,0.4784188

503,0.5409074,0.5086903

504,0.5300922,0.5330852

505,0.5097097,0.5842337

506,0.502076,0.6039178

507,0.4919062,0.6288669

508,0.4889196,0.6367323

509,0.4837823,0.6463753

510,0.4815857,0.649318

511,0.4788071,0.6523898

512,0.4776421,0.6530318

513,0.4756979,0.6563763

514,0.475178,0.6579834

515,0.4752514,0.6599254

516,0.4751787,0.661172

517,0.475446,0.663214

518,0.4766449,0.6632783

519,0.4843411,0.6459634

520,0.4911438,0.6316361

521,0.5195359,0.5778152

522,0.534751,0.5507474

523,0.5590363,0.508571

524,0.5675352,0.4928246

525,0.5781648,0.472405

526,0.5848079,0.4612371

527,0.5873894,0.4580255

528,0.5907427,0.4542651

529,0.5914576,0.4533294

530,0.5921143,0.451803

531,0.5929654,0.4503876

532,0.5945423,0.4478417

533,0.5948113,0.4468315

534,0.5950159,0.4450447

535,0.5950707,0.4440488

536,0.5951538,0.4427912

537,0.5954709,0.4432198

538,0.5959285,0.4434552

539,0.5958365,0.4424075

540,0.5957717,0.4404839

541,0.5959781,0.4401897

542,0.5963317,0.4404711

543,0.5962894,0.4401971

544,0.5959776,0.4389318

545,0.5958634,0.4383819

546,0.5957534,0.4374255

547,0.5951961,0.4372267

548,0.5944027,0.4375818

549,0.5944523,0.4378426

550,0.5945951,0.4381312

551,0.5939263,0.4384387

552,0.5924564,0.4390802

553,0.5891718,0.4414267

554,0.5878807,0.4423678

555,0.5848804,0.4449722

556,0.5834478,0.4460854

557,0.5811602,0.4470272

558,0.5802519,0.4474643

559,0.5788273,0.4473387

560,0.578207,0.4468603

561,0.5770058,0.4464105

562,0.5787611,0.4507113

563,0.5980716,0.4915275

564,0.6163598,0.5332243

565,0.6503371,0.6367657

566,0.6568856,0.6801124

567,0.6595454,0.7360395

568,0.6622412,0.7544844

569,0.6633454,0.7749096

570,0.6622843,0.7800565

571,0.6635907,0.7875243

572,0.6635307,0.7886363

573,0.6634418,0.7903491

574,0.6638536,0.7905723

575,0.6631843,0.7894335

576,0.6630228,0.7899739

577,0.6631098,0.7914833

578,0.6626632,0.7909759

579,0.660986,0.788847

580,0.6604565,0.7884089

581,0.6604384,0.7890241

582,0.6605903,0.7891197

583,0.6600425,0.7844559

584,0.6583079,0.7756454

585,0.6480764,0.7275364

586,0.6291319,0.6461812

587,0.6208681,0.6107815

588,0.6090847,0.5584472

589,0.6049376,0.5424908

590,0.600421,0.5229603

591,0.5993856,0.5173427

592,0.5974292,0.5097874

593,0.5970534,0.5071941

594,0.5984175,0.502647

595,0.5990689,0.5013056

596,0.5987809,0.500916

597,0.5983285,0.5008174

598,0.597589,0.5023074

599,0.597425,0.5027959

600,0.5967141,0.5013014

601,0.5962825,0.4999502

602,0.5962437,0.498761

603,0.5961665,0.4990745

604,0.5964763,0.4988298

605,0.5965573,0.4985676

606,0.5966279,0.498973

607,0.5970929,0.49896

608,0.5970913,0.4988251

609,0.5967217,0.498593

610,0.5963607,0.4974667

611,0.596198,0.4967927

612,0.5957268,0.4947399

613,0.5953882,0.4935673

614,0.5951687,0.4927044

615,0.5951931,0.4913312

616,0.5951825,0.4906542

617,0.5951074,0.489247

618,0.5949555,0.4888093

619,0.5946528,0.4875388

620,0.5943417,0.4869197

621,0.5935472,0.4858306

622,0.5932614,0.4851785

623,0.5926685,0.4834687

624,0.5925149,0.4821706

625,0.592443,0.4804707

626,0.5924251,0.4802321

627,0.5922998,0.4790531

628,0.592186,0.4782804

629,0.5922564,0.4765794

630,0.59212,0.4755674

631,0.5916587,0.47425

632,0.5916871,0.4741284

633,0.592047,0.4738151

634,0.5922626,0.4735144

635,0.5927129,0.472859

636,0.5929477,0.4724928

637,0.5931199,0.4720938

638,0.5930158,0.4721791

639,0.5929766,0.4721225

640,0.5982079,0.4714653

641,0.6093229,0.4692273

642,0.6506913,0.4604026

643,0.6937024,0.4454584

644,0.7651138,0.4236504

645,0.7882634,0.4163801

646,0.8188716,0.4108354

647,0.8287336,0.40724

648,0.8386496,0.3998067

649,0.8414665,0.3978865

650,0.8458831,0.3953133

651,0.8474659,0.3943023

652,0.8502735,0.3916982

653,0.8513482,0.3902732

654,0.8532346,0.3880067

655,0.8538945,0.3866238

656,0.8550413,0.3847833

657,0.8554271,0.3838172

658,0.8548439,0.3810723

659,0.8545707,0.3811312

660,0.8539708,0.381084

661,0.8539768,0.3808993

662,0.8550541,0.3815162

663,0.8554753,0.3816701

664,0.8560528,0.3815151

665,0.8564085,0.3811412

666,0.8567635,0.3813211

667,0.8567107,0.3818453

668,0.8569202,0.3822911

669,0.8565788,0.3824332

670,0.8562568,0.382223

671,0.8556689,0.3802632

672,0.8552192,0.3794806

673,0.8542011,0.3800797

674,0.8535088,0.3811983

675,0.8702899,0.4894876

676,0.8786835,0.5436518

677,0.885535,0.7192583

678,0.886948,0.7788492

679,0.885715,0.8499047

680,0.8839416,0.870146

681,0.8802984,0.8894218

682,0.8800626,0.89246

683,0.87967,0.8978531

684,0.8800832,0.8992295

685,0.8800805,0.900301

686,0.8795202,0.9017256

687,0.8791698,0.9059798

688,0.8792917,0.9072732

689,0.8807713,0.9114475

690,0.8812675,0.913891

691,0.8826683,0.9173452

692,0.8837503,0.918341

693,0.8841766,0.918424

694,0.8839457,0.9185851

695,0.8845456,0.9195718

696,0.885369,0.9205361

697,0.8850436,0.9204124

698,0.8835039,0.9288748

699,0.8819965,0.935079

700,0.8800676,0.9669564

701,0.879464,0.9818127

702,0.878427,1.002037

703,0.8779104,1.009078

704,0.8782598,1.020045

705,0.8787404,1.023849

706,0.880186,1.030766

707,0.8808337,1.033542

708,0.8806553,1.03887

709,0.8805244,1.041172

710,0.8807587,1.044241

711,0.880704,1.044853

712,0.8805766,1.044599

713,0.8805401,1.044394

714,0.8806093,1.044091

715,0.8807257,1.044291

716,0.880851,1.043922

717,0.8808036,1.043474

718,0.8808414,1.045817

719,0.8809388,1.047041

720,0.8807541,1.049113

721,0.8809829,1.050592

722,0.8810008,1.051609

723,0.8810032,1.053699

724,0.8811801,1.054676

725,0.881667,1.055573

726,0.8812134,1.055408

727,0.8803035,1.054818

728,0.8801623,1.054003

729,0.8800312,1.053036

730,0.8797403,1.052149

731,0.8788635,1.044189

732,0.8769563,1.015263

733,0.8712808,0.9045627

734,0.8666834,0.8134177

735,0.8565879,0.64654

736,0.8549989,0.585489

737,0.8576615,0.5025197

738,0.8579298,0.4817487

739,0.8570696,0.4577533

740,0.8570922,0.4503215

741,0.8589179,0.4400629

742,0.859619,0.436962

743,0.8600913,0.4338498

744,0.8601323,0.4320418

745,0.8610822,0.429605

746,0.8612674,0.4284624

747,0.8607929,0.4256954

748,0.8611549,0.4251891

749,0.8628306,0.4252431

750,0.8633022,0.4253923

751,0.8637031,0.4253527

752,0.8635131,0.4253343

753,0.8633925,0.4265893

754,0.8630096,0.425986

755,0.8625756,0.4254201

756,0.8626881,0.4244789

757,0.8628777,0.4239992

758,0.863102,0.4237032

759,0.8614796,0.422694

760,0.8403981,0.4223272

761,0.8140599,0.4262883

762,0.7378758,0.4406194

763,0.7025266,0.4453578

764,0.6549713,0.4496603

765,0.639035,0.4513977

766,0.6190132,0.4537603

767,0.6129993,0.4534906

768,0.6064363,0.4525249

769,0.6048001,0.4523759

770,0.6004736,0.450634

771,0.5987765,0.4498207

772,0.5971549,0.4498115

773,0.5968411,0.4505906

774,0.5961569,0.4525167

775,0.5959677,0.4528542

776,0.5953668,0.4519659

777,0.5946153,0.4511331

778,0.5938005,0.4508759

779,0.593394,0.4506058

780,0.5927438,0.4500668

781,0.592522,0.4498872

782,0.591882,0.4488352

783,0.5899804,0.4538928

784,0.5871715,0.4701083

785,0.5742956,0.5604367

786,0.5655517,0.6311327

787,0.5486766,0.7849485

788,0.5431608,0.8462774

789,0.5357903,0.9200321

790,0.5333053,0.9386095

791,0.531468,0.9579774

792,0.5317358,0.9619162

793,0.5328653,0.9665849

794,0.5333868,0.9693601

795,0.5341662,0.9715977

796,0.5336159,0.9704712

797,0.5323836,0.9688541

798,0.5313008,0.9686787

799,0.5299107,0.9679082

800,0.530344,0.9687113

801,0.5306472,0.9695895

802,0.5304346,0.9694989

803,0.5306785,0.9696198

804,0.5312854,0.9684424

805,0.5313065,0.9677436

806,0.531013,0.9666516

807,0.5305257,0.9661086

808,0.5298269,0.9645995

809,0.5299278,0.9640517

810,0.5303252,0.9638218

811,0.5305113,0.9635686

812,0.5302607,0.9636737

813,0.5299168,0.9636958

814,0.529869,0.9630994

815,0.5300383,0.9630399

816,0.5298845,0.963711

817,0.5300368,0.9640583

818,0.5268683,0.9650931

819,0.5223619,0.9675791

820,0.510201,0.9785174

821,0.5042198,0.9850807

822,0.4930875,0.9966549

823,0.4887363,1.001688

824,0.4818315,1.009736

825,0.4793559,1.01226

826,0.4767711,1.015572

827,0.4757766,1.016731

828,0.4738292,1.018295

829,0.4730206,1.018535

830,0.472485,1.01939

831,0.472402,1.020336

832,0.472424,1.022827

833,0.4723485,1.02397

834,0.4717831,1.025604

835,0.4716814,1.025805

836,0.4715137,1.025885

837,0.471854,1.026247

838,0.4721677,1.026205

839,0.4702999,1.024417

840,0.4662977,1.020786

841,0.4507295,1.002849

842,0.4423704,0.9893464

843,0.429046,0.9641107

844,0.4237567,0.953007

845,0.4165235,0.9356634

846,0.4141846,0.928912

847,0.4100883,0.9184067

848,0.4084038,0.9145007

849,0.4060821,0.9083531

850,0.4049419,0.9059933

851,0.4032223,0.9012266

852,0.4027282,0.8991475

853,0.4021254,0.8961397

854,0.4020857,0.8948636

855,0.4023256,0.8923128

856,0.402295,0.891418

857,0.4023229,0.8909183

858,0.4026386,0.8908616

859,0.4032065,0.8900755

860,0.4029882,0.8893738

861,0.4025385,0.8880571

862,0.4024909,0.8874968

863,0.4020412,0.8859745

864,0.401858,0.8840164

865,0.4013144,0.8828084

866,0.3937344,0.8791469

867,0.3805362,0.8786845

868,0.3417551,0.8851034

869,0.3255443,0.8895967

870,0.3026148,0.8965013

871,0.2947336,0.8984377

872,0.2835485,0.9008467

873,0.2798992,0.9017926

874,0.2746826,0.9024894

875,0.2726249,0.9010646

876,0.2694909,0.8985

877,0.2684285,0.8974553

878,0.2667642,0.8938751

879,0.2663477,0.8925904

880,0.2660461,0.8895656

881,0.2656949,0.8871656

882,0.2652867,0.8829831

883,0.2653156,0.8815448

884,0.2644466,0.879096

885,0.2545492,0.8801453

886,0.2165681,0.8901469

887,0.1655244,0.9272498

888,0.1469058,0.9407834

889,0.1239112,0.9613057

890,0.1166125,0.9678196

891,0.1166125,0.9678196

892,0.1166125,0.9678196

893,0.1166125,0.9678196

894,0.1166125,0.9678196

895,0.1166125,0.9678196

896,0.1166125,0.9678196

897,0.1166125,0.9678196

898,0.1166125,0.9678196

899,0.1166125,0.9678196

900,0.1166125,0.9678196

901,0.1166125,0.9678196

902,0.1166125,0.9678196

903,0.1166125,0.9678196

904,0.1166125,0.9678196

905,0.1166125,0.9678196

906,0.1166125,0.9678196

907,0.1166125,0.9678196

908,0.1166125,0.9678196

909,0.1166125,0.9678196

910,0.1166125,0.9678196

911,0.1166125,0.9678196

912,0.1166125,0.9678196

913,0.1166125,0.9678196

914,0.1166125,0.9678196

915,0.1166125,0.9678196

916,0.1166125,0.9678196

917,0.1166125,0.9678196

918,0.1166125,0.9678196

919,0.1166125,0.9678196

920,0,0

921,0,0

922,0,0

923,0,0

924,0,0

925,0,0

926,0,0

927,0,0

928,0,0

929,0,0

930,0,0

931,0,0

932,0.04600334,1.049721

933,0.05956185,1.009078

934,0.120662,0.8348209

935,0.1605756,0.7280454

936,0.2105225,0.5962123

937,0.2288428,0.5565797

938,0.2488526,0.5090923

939,0.2537998,0.495254

940,0.2571905,0.4807107

941,0.2582604,0.4774081

942,0.2604075,0.4767018

943,0.260913,0.4764823

944,0.2620813,0.4735155

945,0.2625464,0.4721518

946,0.2627345,0.4705841

947,0.262776,0.4701254

948,0.2629182,0.4683003

949,0.2639185,0.463544

950,0.2639489,0.4625548

951,0.2642311,0.4606627

952,0.2700908,0.4534767

953,0.2989607,0.4205219

954,0.3150448,0.4012427

955,0.340561,0.3717115

956,0.3495136,0.360871

957,0.3590169,0.3458061

958,0.3609158,0.3412485

959,0.363993,0.3348535

960,0.3655783,0.3325729

961,0.3681322,0.3292258

962,0.3692635,0.327444

963,0.3707522,0.324878

964,0.3710524,0.3246679

965,0.3714609,0.3240791

966,0.3717001,0.3242923

967,0.3723586,0.3240649

968,0.3725935,0.323992

969,0.3725157,0.324625

970,0.3724829,0.3249924

971,0.3726191,0.3248663

972,0.3726491,0.3244462

973,0.3728159,0.3245385

974,0.3730085,0.3251296

975,0.3730056,0.325146

976,0.3733446,0.3245762

977,0.3736035,0.3245109

978,0.3742198,0.3247914

979,0.3745392,0.3247064

980,0.37519,0.3237345

981,0.3755109,0.3230537

982,0.3735723,0.3212176

983,0.3702005,0.3213951

984,0.35963,0.3260219

985,0.3538402,0.3289437

986,0.3429506,0.3336672

987,0.3381781,0.3359897

988,0.3305745,0.3394303

989,0.3275374,0.3409257

990,0.3222957,0.3423328

991,0.32067,0.3426715

992,0.3184938,0.3433219

993,0.3171629,0.343143

994,0.3150213,0.3437272

995,0.3142548,0.3437944

996,0.3132978,0.3430064

997,0.3129218,0.3429805

998,0.2832894,0.3371074

999,0.2628117,0.333469

1000,0.2102628,0.3280062

1001,0.1895295,0.3270778

1002,0.1647854,0.3260788

1003,0.1577803,0.3255366

1004,0.1463233,0.325716

1005,0.1423199,0.3259048

1006,0.1374166,0.3238059

1007,0.1335828,0.3218429

1008,0.132583,0.3205117

1009,0.1309459,0.3187878

1010,0.1302384,0.3186349

1011,0.1303553,0.3188908

1012,0.1307598,0.3197431

1013,0.1315168,0.3205293

1014,0.1316395,0.3197301

1015,0.1316777,0.3181474

1016,0.1316534,0.3181211

1017,0.1308645,0.3171571

1018,0.1305608,0.315923

1019,0.1309848,0.3152394

1020,0.1312534,0.3154224

1021,0.1319104,0.3150042

1022,0.1320714,0.3148901

1023,0.1320821,0.3145526

1024,0.1322227,0.313957

1025,0.1325256,0.3126624

1026,0.1327858,0.311832

1027,0.1330242,0.3103394

1028,0.1328214,0.3097239

1029,0.1322053,0.3087678

1030,0.1328574,0.3077652

1031,0.1413235,0.3017733

1032,0.159408,0.2929806

1033,0.2117634,0.2729601

1034,0.269189,0.2550276

1035,0.2897395,0.2478926

1036,0.3174671,0.2389012

1037,0.3268169,0.2364347

1038,0.3389599,0.2337079

1039,0.3430023,0.2317956

1040,0.3483223,0.2281119

1041,0.3501155,0.2271002

1042,0.3520782,0.2244065

1043,0.3519704,0.2231684

1044,0.3518271,0.2224406

1045,0.3519295,0.2229435

1046,0.3521664,0.2230096

1047,0.351995,0.2221226

1048,0.3516486,0.2222564

1049,0.3517808,0.2225681

1050,0.3521693,0.2217803

1051,0.3521419,0.2217169

1052,0.3518573,0.2218779

1053,0.3519129,0.2216661

1054,0.3520609,0.2210875

1055,0.3520568,0.2205044

1056,0.3519291,0.2188518

1057,0.3519706,0.2180255

1058,0.3521586,0.2169354

1059,0.3521987,0.2162809

1060,0.3520597,0.2151061

1061,0.3575353,0.2140106

1062,0.3667849,0.2143432

1063,0.395585,0.2181506

1064,0.4093977,0.2194246

1065,0.4302664,0.2215649

1066,0.4379318,0.222062

1067,0.450734,0.2229502

1068,0.4555796,0.2232495

1069,0.4616084,0.2222582

1070,0.4632103,0.2218002

1071,0.4653472,0.2217446

1072,0.4666559,0.2214278

1073,0.4684379,0.2202241

1074,0.4686815,0.2198903

1075,0.469187,0.2194265

1076,0.4693456,0.2194798

1077,0.4699702,0.2194334

1078,0.4732207,0.2178104

1079,0.4998565,0.2078464

1080,0.5222102,0.2011478

1081,0.5805737,0.1793171

1082,0.6082469,0.1664535

1083,0.6454674,0.1521496

1084,0.6573645,0.1479449

1085,0.6722183,0.1386011

1086,0.676264,0.1359197

1087,0.6816848,0.1329697

1088,0.6830606,0.1307858

1089,0.6837054,0.1278634

1090,0.6844623,0.1274206

1091,0.6866559,0.1255041

1092,0.6867296,0.124501

1093,0.6859158,0.1219677

1094,0.6855404,0.1194333

1095,0.6853775,0.1187161

1096,0.6924089,0.1131045

1097,0.7018614,0.1050124

1098,0.803404,0.06675759

1099,0.8425766,0.05346972

1100,0.8976923,0.03786228

1101,0.9156419,0.03333696

1102,0.9361393,0.02816948

1103,0.9410577,0.02643465

1104,0.9459118,0.02150847

1105,0.9479713,0.02024878

1106,0.9506434,0.01847779

1107,0.9511968,0.01781423

1108,0.9519722,0.01462749

1109,0.9510548,0.008845485

1110,0.9478462,-0.001421995

1111,0.9466057,-0.004691358

1112,0.9453322,-0.01099055

1113,0.9449446,-0.01360126

1114,0.9433833,-0.01692836

1115,0.9428086,-0.01799192

1116,0.9420907,-0.01938829

1117,0.9418164,-0.01986294

1118,0.9418855,-0.02081188

1119,0.9419044,-0.02098951

1120,0.9418677,-0.02171399

1121,0.9420142,-0.02254426

1122,0.9420717,-0.02313366

1123,0.9417726,-0.0229716

1124,0.941784,-0.02292048

1125,0.9420421,-0.02355805

1126,0.9414395,-0.02067434

1127,0.9364253,0.007620669

1128,0.9297451,0.07698339

1129,0.9245415,0.230582

1130,0.9283646,0.3184721

1131,0.928028,0.4304634

1132,0.9285094,0.461106

1133,0.9309779,0.4915802

1134,0.9317433,0.5013006

1135,0.9327152,0.51223

1136,0.932094,0.5148728

1137,0.9307126,0.5159283

1138,0.9309722,0.516353

1139,0.9320897,0.5153175

1140,0.9328802,0.513994

1141,0.9331927,0.5149196

1142,0.9332719,0.5159408

1143,0.9328774,0.5161134

1144,0.9322692,0.5177993

1145,0.9317725,0.5176013

1146,0.9315276,0.5167252

1147,0.9315237,0.5156584

1148,0.9314625,0.5135597

1149,0.9307896,0.5132389

1150,0.9290762,0.5139061

1151,0.9286982,0.5133894

1152,0.9277019,0.512661

1153,0.9272016,0.5128029

1154,0.9268695,0.5126545

1155,0.9265316,0.5132411

1156,0.9257575,0.513805

1157,0.9253497,0.5133665

1158,0.9217024,0.5117534

1159,0.9190631,0.5103493

1160,0.9140601,0.5071477

1161,0.9116511,0.5054349

1162,0.9073665,0.5030194

1163,0.9053993,0.5024644

1164,0.9023524,0.5015237

1165,0.9012578,0.5010792

1166,0.8993538,0.4996292

1167,0.8985651,0.4987629

1168,0.8980589,0.49949

1169,0.8997797,0.5061563

1170,0.910549,0.5472041

1171,0.9178659,0.5959652

1172,0.9245896,0.7310175

1173,0.9288921,0.817656

1174,0.9305521,0.841299

1175,0.9318525,0.8659368

1176,0.9319984,0.8721912

1177,0.9316151,0.8791097

1178,0.9315131,0.8811945

1179,0.9313874,0.883885

1180,0.9314232,0.8841206

1181,0.9316757,0.8855132

1182,0.9318711,0.8862898

1183,0.9316252,0.8867437

1184,0.9316447,0.8873749

1185,0.9330317,0.8881071

1186,0.933417,0.8876467

1187,0.9325998,0.8862708

1188,0.9321014,0.8859539

1189,0.9318904,0.8864118

1190,0.932134,0.8870243

1191,0.9322727,0.888373

1192,0.9324282,0.8894739

1193,0.9324592,0.9009045

1194,0.9308633,0.9196202

1195,0.9253873,0.9608865

1196,0.9233098,0.9777727

1197,0.9200278,1.002685

1198,0.9190907,1.011702

1199,0.9182432,1.024458

1200,0.9178462,1.034125

1201,0.9179386,1.038114

1202,0.9189573,1.0434

1203,0.9195567,1.045194

1204,0.9197529,1.047954

1205,0.9195293,1.048941

1206,0.9164335,1.048961

1207,0.9143409,1.048082

1208,0.8787116,1.005382

1209,0.8379232,0.9516827

1210,0.747643,0.8258777

1211,0.7089572,0.7654515

1212,0.6619912,0.6856315

1213,0.6477668,0.6629968

1214,0.6323788,0.6356028

1215,0.6294793,0.6287979

1216,0.6259582,0.6209381

1217,0.624815,0.6183456

1218,0.623626,0.6144056

1219,0.6229886,0.6134943

1220,0.6223161,0.612009

1221,0.6221036,0.6113632

1222,0.6214976,0.6104282

1223,0.6211181,0.6096626

1224,0.6204266,0.608826

1225,0.6201201,0.6089059

1226,0.6195343,0.6074457

1227,0.6184906,0.6058046

1228,0.6180881,0.6049576

1229,0.6171868,0.6030908

1230,0.6131164,0.5914079

1231,0.5897934,0.5081657

1232,0.5831193,0.4864999

1233,0.581542,0.4771187

1234,0.5797993,0.4740659

1235,0.5790486,0.4732033

1236,0.5788004,0.472837

1237,0.5795874,0.471394

1238,0.579809,0.4716039

1239,0.5803363,0.4716884

1240,0.5804167,0.4710227

1241,0.5802506,0.4700703

1242,0.5801264,0.4695279

1243,0.5799127,0.4684728

1244,0.5797296,0.4680572

1245,0.5737468,0.4589436

1246,0.5625623,0.4425514

1247,0.5271849,0.3898302

1248,0.5117957,0.3648061

1249,0.4898461,0.327538

1250,0.4828121,0.314979

1251,0.4737186,0.2984977

1252,0.4703905,0.2929974

1253,0.46695,0.2853105

1254,0.466868,0.2820892

1255,0.4668966,0.2777113

1256,0.4660696,0.2769172

1257,0.4654321,0.2760025

1258,0.4659177,0.2759366

1259,0.465834,0.2749343

1260,0.4658454,0.273907

1261,0.4654651,0.2723374

1262,0.4648542,0.2716601

1263,0.4645444,0.270225

1264,0.4643999,0.2697138

1265,0.4639241,0.2682884

1266,0.463963,0.2676776

1267,0.46415,0.2667376

1268,0.4642483,0.2651975

1269,0.4646026,0.2640866

1270,0.465618,0.2613699

1271,0.4658257,0.2608171

1272,0.4668905,0.2615595

1273,0.4700083,0.2659867

1274,0.4897284,0.2978457

1275,0.5052397,0.327442

1276,0.5306172,0.3813935

1277,0.5400308,0.4013143

1278,0.5522317,0.4314325

1279,0.5555738,0.4414103

1280,0.559797,0.4537062

1281,0.5612755,0.4583336

1282,0.5637526,0.4645641

1283,0.5648631,0.466794

1284,0.5663531,0.469335

1285,0.5677341,0.469728

1286,0.5699654,0.470832

1287,0.5700384,0.4722311

1288,0.5697684,0.4738089

1289,0.5703008,0.4736269

1290,0.571927,0.4738526

1291,0.5721979,0.4743172

1292,0.5727003,0.474353

1293,0.5725753,0.4744493

1294,0.5721013,0.4747259

1295,0.5721119,0.4744912

1296,0.5725023,0.4741043

1297,0.5728476,0.4731914

1298,0.5734644,0.4728818

1299,0.5736711,0.4728025

1300,0.5736947,0.4726116

1301,0.5735494,0.4735326

1302,0.5732845,0.4736959

1303,0.5704273,0.471834

1304,0.5682787,0.4703482

1305,0.5648445,0.4678982

1306,0.5575695,0.4634726

1307,0.5540961,0.4586307

1308,0.5333113,0.4446007

1309,0.492627,0.4162242

1310,0.4716257,0.4011872

1311,0.4387866,0.3777993

1312,0.4267131,0.3679693

1313,0.4113897,0.3549809

1314,0.4070533,0.3513686

1315,0.4006449,0.3447096

1316,0.3957462,0.3378411

1317,0.394899,0.3339189

1318,0.3932466,0.3318687

1319,0.3935394,0.3298338

1320,0.3936615,0.3284505

1321,0.3893975,0.3258572

1322,0.3856661,0.3228841

1323,0.380608,0.3172834

1324,0.37846,0.3145477

1325,0.3752514,0.3101158

1326,0.3740396,0.3087467

1327,0.3718005,0.3052258

1328,0.3707604,0.303459

1329,0.3692078,0.3006015

1330,0.3688168,0.2995253

1331,0.3676617,0.2969344

1332,0.3671574,0.2959589

1333,0.3667074,0.2956493

1334,0.3663706,0.2951455

1335,0.3653619,0.2945851

1336,0.3649248,0.2945378

1337,0.3644776,0.2939237

1338,0.3643123,0.2934457

1339,0.3638232,0.2924663

1340,0.3634996,0.2921035

1341,0.3627415,0.2913426

1342,0.3624836,0.2910551

1343,0.3620122,0.2902814

1344,0.3623151,0.2919161

1345,0.3636135,0.2967228

1346,0.3688023,0.3230851

1347,0.3719698,0.3423519

1348,0.3773526,0.3763337

1349,0.3787391,0.3903146

1350,0.381221,0.4101111

1351,0.3821973,0.4157234

1352,0.3828814,0.4239805

1353,0.3830681,0.4271523

1354,0.3829635,0.4335391

1355,0.3826069,0.4339164

1356,0.3827007,0.4346301

1357,0.3827993,0.4366508

1358,0.3831664,0.4392534

1359,0.3835333,0.4402918

1360,0.3839913,0.442243

1361,0.3842568,0.4431807

1362,0.3841865,0.4444594

1363,0.3840995,0.4447407

1364,0.383353,0.4442644

1365,0.383233,0.4443829

1366,0.3831063,0.4442015

1367,0.3830613,0.4443681

1368,0.3828341,0.4447375

1369,0.3861078,0.4456845

1370,0.3947398,0.4464282

1371,0.4383413,0.4493251

1372,0.5120822,0.4535279

1373,0.5635042,0.4599234

1374,0.5748321,0.4606188

1375,0.5799109,0.4615491

1376,0.5808839,0.4625519

1377,0.5810321,0.4618021

1378,0.5815341,0.4598407

1379,0.5814135,0.4598319

1380,0.5807739,0.4596719

1381,0.580952,0.4597003

1382,0.582353,0.4598361

1383,0.5827707,0.4596238

1384,0.5825371,0.4588555

1385,0.5821393,0.458542

1386,0.5820969,0.4585296

1387,0.5824636,0.4582939

1388,0.5826293,0.4583336

1389,0.5830284,0.4581981

1390,0.5832925,0.4582325

1391,0.5836311,0.4585296

1392,0.5837157,0.4587926

1393,0.5833828,0.4594015

1394,0.5831812,0.4596551

1395,0.5830362,0.4601854

1396,0.5830668,0.4603745

1397,0.5837154,0.459595

1398,0.5840978,0.4589903

1399,0.5801733,0.4495583

1400,0.572081,0.4334606

1401,0.5470985,0.3750983

1402,0.5345421,0.3401636

1403,0.5142225,0.2844993

1404,0.5070329,0.2657717

1405,0.4969305,0.2419179

1406,0.4902598,0.2240048

1407,0.4893031,0.2206981

1408,0.4893373,0.2150676

1409,0.4894259,0.2129164

1410,0.4873294,0.207415

1411,0.4875781,0.2043337

1412,0.4872411,0.2040963

1413,0.4875533,0.2034359

1414,0.4879846,0.2030494

1415,0.48815,0.2023666

1416,0.4881483,0.2017854

1417,0.4882116,0.2012182

1418,0.4883014,0.2009224

1419,0.4887134,0.2009465

1420,0.4889631,0.2012026

1421,0.4890222,0.2014552

1422,0.4887742,0.201597

1423,0.4885923,0.2019914

1424,0.4885567,0.2026715

1425,0.488722,0.2034863

1426,0.4887791,0.2030671

1427,0.488454,0.2029736

1428,0.4880115,0.203684

1429,0.4879216,0.2035826

1430,0.4878048,0.2029641

1431,0.4877407,0.2027177

1432,0.4879647,0.2027742

1433,0.4879802,0.2030431

1434,0.4873195,0.2032951

1435,0.486838,0.2030067

1436,0.4862034,0.2025119

1437,0.4860509,0.2023666

1438,0.4808628,0.2011383

1439,0.4716427,0.2020489

1440,0.4388001,0.2147796

1441,0.4224029,0.2232415

1442,0.3972399,0.2355658

1443,0.387908,0.2403156

1444,0.3752241,0.2481395

1445,0.3706955,0.2495716

1446,0.3660017,0.2506993

1447,0.3646439,0.2517076

1448,0.3616495,0.252547

1449,0.3607805,0.2529978

1450,0.3586448,0.2529736

1451,0.3577676,0.2527912

1452,0.3568467,0.2531065

1453,0.3565956,0.2530076

1454,0.356476,0.2526462

1455,0.3564201,0.2524762

1456,0.3569808,0.2529053

1457,0.3572012,0.253006

1458,0.3569666,0.25167

1459,0.3569979,0.249962

1460,0.3572389,0.249345

1461,0.3576495,0.2486928

1462,0.3577805,0.248082

1463,0.3578329,0.2467889

1464,0.3577085,0.2463765

1465,0.3576293,0.2456442

1466,0.3576685,0.2454994

1467,0.3581016,0.2452634

1468,0.358392,0.2449151

1469,0.358404,0.2437384

1470,0.3583536,0.2429123

1471,0.3584791,0.2415747

1472,0.3583875,0.2412053

1473,0.3579981,0.239678

1474,0.3579445,0.2389955

1475,0.3582822,0.2393992

1476,0.3584612,0.2396442

1477,0.358302,0.2394182

1478,0.3581846,0.2393956

1479,0.3581038,0.2399044

1480,0.3583125,0.2400256

1481,0.3585808,0.2399665

1482,0.3590269,0.239801

1483,0.3591766,0.2395056

1484,0.359188,0.2387666

1485,0.3591087,0.2386185

1486,0.358757,0.2383695

1487,0.3585872,0.2380255

1488,0.3585687,0.2378331

1489,0.3589177,0.2382435

1490,0.3594044,0.2389923

1491,0.3592668,0.2391369

1492,0.3591963,0.2393675

1493,0.3588201,0.2392864

1494,0.3533149,0.2409277

1495,0.3428017,0.2502553

1496,0.2778607,0.3045385

1497,0.2577743,0.3228966

1498,0.2342137,0.3488377

1499,0.2277256,0.3563163

1500,0.2202823,0.3650717

1501,0.2187144,0.3675061

1502,0.2171274,0.3701973

1503,0.2169262,0.3703742

1504,0.2171614,0.3694053

1505,0.2171795,0.3684855

1506,0.216627,0.3673247

1507,0.2163143,0.3669542

1508,0.2164861,0.3669004

1509,0.2161806,0.3669412

1510,0.2162166,0.3671048

1511,0.2168781,0.3671033

1512,0.2171963,0.3662766

1513,0.2176713,0.3646542

1514,0.2177402,0.364186

1515,0.217856,0.3627802

1516,0.2181267,0.3620216

1517,0.2183907,0.3608351

1518,0.2188724,0.3607835

1519,0.220262,0.360283

1520,0.2206488,0.36016

1521,0.2209758,0.359597

1522,0.220992,0.359314

1523,0.2209339,0.3589742

1524,0.2210008,0.3589237

1525,0.2212952,0.3587354

1526,0.2217369,0.3573369

1527,0.2251418,0.3500886

1528,0.2276977,0.3449162

1529,0.2322716,0.3346771

1530,0.2338508,0.3295063

1531,0.2367509,0.3196755

1532,0.2384232,0.3121629

1533,0.2390645,0.3094144

1534,0.2411059,0.3044851

1535,0.2413568,0.3023913

1536,0.2424462,0.2988549

1537,0.2435305,0.2974792

1538,0.2447662,0.2961332

1539,0.2450724,0.295783

1540,0.2453924,0.2950657

1541,0.2455561,0.2946569

1542,0.2653193,0.3022613

1543,0.2797698,0.3069769

1544,0.3076158,0.3165317

1545,0.318824,0.3212401

1546,0.3357556,0.3272827

1547,0.3414316,0.3288564

1548,0.3497215,0.3315988

1549,0.3526074,0.3324967

1550,0.355822,0.3323341

1551,0.3567011,0.3318872

1552,0.3585964,0.3299915

1553,0.3595513,0.3292363

1554,0.3606226,0.3300455

1555,0.3607214,0.330427

1556,0.3619778,0.3308711

1557,0.3624126,0.3316589

1558,0.3622688,0.3329769

1559,0.3623323,0.3333484

1560,0.3627412,0.3330981

1561,0.3629184,0.3327438

1562,0.3633823,0.3320903

1563,0.3637104,0.331654

1564,0.364264,0.3312796

1565,0.3743485,0.3316767

1566,0.387307,0.3345126

1567,0.4155241,0.3426187

1568,0.4272412,0.3459281

1569,0.445258,0.3502948

1570,0.4514876,0.3510962

1571,0.4608696,0.3537677

1572,0.4642864,0.3549202

1573,0.4695958,0.3547472

1574,0.4716843,0.3548464

1575,0.4735281,0.3564026

1576,0.4736078,0.3571435

1577,0.4739372,0.3572827

1578,0.4744477,0.3569874

1579,0.4750111,0.3577358

1580,0.4750955,0.3584174

1581,0.4759676,0.3578285

1582,0.4765126,0.3568878

1583,0.477086,0.3563286

1584,0.47714,0.3566638

1585,0.4771681,0.3573948

1586,0.4771623,0.35784

1587,0.4772797,0.3582428

1588,0.4776348,0.3584858

1589,0.4782692,0.3588054

1590,0.4782589,0.3590718

1591,0.4780681,0.3593459

1592,0.4778045,0.3598114

1593,0.4778973,0.3597113

1594,0.4781307,0.3594527

1595,0.478144,0.3597164

1596,0.4784095,0.3597162

1597,0.4786826,0.3592888

1598,0.4795647,0.3581899

1599,0.4801782,0.3577101

1600,0.4854383,0.3575696

1601,0.4934736,0.3593872

1602,0.5158917,0.363432

1603,0.5258185,0.3647161

1604,0.5426042,0.3664085

1605,0.5486965,0.3660513

1606,0.5571319,0.3663585

1607,0.560167,0.3659477

1608,0.5650539,0.3646528

1609,0.5670022,0.365438

1610,0.5700054,0.3668398

1611,0.5715261,0.3666006

1612,0.573693,0.3665748

1613,0.5739311,0.3658107

1614,0.5741233,0.3661135

1615,0.5749689,0.3664926

1616,0.5754246,0.3662244

1617,0.5756639,0.3664765

1618,0.5755419,0.3665115

1619,0.5755573,0.3652862

1620,0.5756632,0.3644186

1621,0.5757301,0.3639977

1622,0.5755138,0.3639939

1623,0.5761412,0.3646019

1624,0.5779017,0.3657966

1625,0.5841758,0.3725751

1626,0.5872941,0.377403

1627,0.5929471,0.3861399

1628,0.5955531,0.3902594

1629,0.5997182,0.3958936

1630,0.6014748,0.3972959

1631,0.6040155,0.3994752

1632,0.604915,0.4002936

1633,0.6069999,0.4031331

1634,0.6079995,0.4044329

1635,0.6094851,0.4057218

1636,0.6098526,0.4061296

1637,0.6104919,0.4065135

1638,0.610868,0.4069719

1639,0.6116782,0.4083327

1640,0.6119366,0.409194

1641,0.6119296,0.4103449

1642,0.6119545,0.4104092

1643,0.6115931,0.4091678

1644,0.6122468,0.4074305

1645,0.6347162,0.3831391

1646,0.8763474,0.108966

1647,0.9372464,0.02395535

1648,0.947201,0.0116964

1649,0.9465938,0.01385005

1650,0.9443169,-0.002609239

1651,0.9384986,-0.02996475

1652,0.9382778,-0.03095181

1653,0.9376757,-0.03272906

1654,0.9372689,-0.03375694

1655,0.9367288,-0.03434829

1656,0.9366012,-0.03482086

1657,0.9363441,-0.03499285

1658,0.9360586,-0.03537752

1659,0.9356769,-0.03681019

1660,0.9355176,-0.03652321

1661,0.9350153,-0.03562049

1662,0.9225585,0.01068666

1663,0.8879051,0.139508

1664,0.846492,0.348429

1665,0.835552,0.4119501

1666,0.8255723,0.4828013

1667,0.8231795,0.5015485

1668,0.820941,0.5187033

1669,0.820759,0.5223559

1670,0.8198439,0.525426

1671,0.8191446,0.5255052

1672,0.8182011,0.5268105

1673,0.8176782,0.5274685

1674,0.8174372,0.5275795

1675,0.8169944,0.5271937

1676,0.8169286,0.5253814

1677,0.8172704,0.5247852

1678,0.8174867,0.5256681

1679,0.8174005,0.5262384

1680,0.8165082,0.5260172

1681,0.8160691,0.5255547

1682,0.8157035,0.5261413

1683,0.8157776,0.5265405

1684,0.8168418,0.5261262

1685,0.8176501,0.5260507

1686,0.8182142,0.5253941

1687,0.8181793,0.524906

1688,0.81871,0.5242683

1689,0.8192696,0.5240754

1690,0.8195433,0.5231488

1691,0.8193617,0.5223302

1692,0.8181286,0.5206298

1693,0.8137686,0.5164885

1694,0.8117164,0.5145388

1695,0.8078346,0.5104383

1696,0.8059149,0.5086056

1697,0.8023182,0.5058244

1698,0.8006603,0.5048694

1699,0.7980392,0.5030222

1700,0.7969762,0.5021684

1701,0.7953233,0.500892

1702,0.7944565,0.5005327

1703,0.7926965,0.4991064

1704,0.7922443,0.49839

1705,0.790675,0.4989072

1706,0.7870475,0.5034974

1707,0.7654808,0.5377755

1708,0.7461458,0.5726779

1709,0.7019947,0.6620454

1710,0.68428,0.699375

1711,0.6600531,0.74487

1712,0.6528812,0.7571141

1713,0.6445775,0.7696937

1714,0.6425068,0.7732027

1715,0.6402954,0.7778703

1716,0.6357181,0.7811432

1717,0.631819,0.7791756

1718,0.6288768,0.7770634

1719,0.6276457,0.7748318

1720,0.6272215,0.7728561

1721,0.6270087,0.7721637

1722,0.625294,0.7732812

1723,0.6251007,0.7729408

1724,0.6247218,0.7726347

1725,0.6242731,0.7714218

1726,0.6242093,0.7710591

1727,0.6217148,0.768955

1728,0.6148944,0.7644671

1729,0.5811176,0.7470428

1730,0.5613992,0.7386064

1731,0.5312385,0.722111

1732,0.5207134,0.7144651

1733,0.5058833,0.7048569

1734,0.5005347,0.7014925

1735,0.4941064,0.6973326

1736,0.4926507,0.6957288

1737,0.489983,0.6918898

1738,0.4888126,0.6902515

1739,0.4874234,0.6882586

1740,0.4871695,0.688249

1741,0.4914872,0.6889976

1742,0.4991695,0.6895696

1743,0.5200216,0.6917364

1744,0.5324448,0.6930903

1745,0.5577592,0.6953661

1746,0.5690246,0.6959056

1747,0.5868502,0.6965194

1748,0.5933637,0.6966414

1749,0.6029842,0.6977503

1750,0.606685,0.697601

1751,0.6243866,0.6957814

1752,0.6444998,0.6933957

1753,0.7049205,0.6854397

1754,0.7351612,0.6794994

1755,0.7769853,0.6703656

1756,0.8049158,0.6637039

1757,0.8091297,0.6632575

1758,0.8167357,0.6606988

1759,0.8239541,0.6524

1760,0.8248302,0.6513652

1761,0.8251153,0.6504555

1762,0.825429,0.6485311

1763,0.8254796,0.6476879

1764,0.8251691,0.6456087

1765,0.8247395,0.6437035

1766,0.8244162,0.6427947

1767,0.8238848,0.6421084

1768,0.8238024,0.6421621

1769,0.824288,0.6426196

1770,0.8247042,0.6431699

1771,0.8252821,0.6441118

1772,0.8258069,0.6445832

1773,0.8272537,0.6364449

1774,0.829573,0.6273968

1775,0.8455008,0.5655585

1776,0.8534209,0.5312971

1777,0.8745355,0.4389847

1778,0.8763517,0.4211214

1779,0.8770615,0.4176233

1780,0.8777875,0.4133356

1781,0.8774232,0.4115539

1782,0.8767535,0.4101793

1783,0.8769511,0.410217

1784,0.8772587,0.4087444

1785,0.8768958,0.4070346

1786,0.8766496,0.4037213

1787,0.8772727,0.4034645

1788,0.87842,0.402606

1789,0.8788917,0.4018715

1790,0.8795788,0.4011062

1791,0.8770018,0.4042923

1792,0.8679738,0.4139649

1793,0.8520921,0.4691151

1794,0.8172899,0.6127869

1795,0.8075641,0.6824234

1796,0.8147112,0.8126044

1797,0.8248589,0.8567202

1798,0.8387579,0.9067038

1799,0.8454844,0.9271567

1800,0.8477491,0.9319897

1801,0.8502343,0.9422709

1802,0.8511109,0.9462647

1803,0.8500875,0.9490722

1804,0.8498886,0.9500533

1805,0.8515161,0.9514951

1806,0.852334,0.9516079

1807,0.8532079,0.94903

1808,0.8534259,0.9480339

1809,0.853093,0.9491379

1810,0.8528872,0.9498099

1811,0.8535039,0.9509917

1812,0.8532999,0.9518533

1813,0.8534111,0.9558185

1814,0.8539425,0.9580572

1815,0.8548707,0.9616412

1816,0.8546374,0.9628599

1817,0.8316452,0.9690879

1818,0.7995623,0.9778906

1819,0.7020779,1.009204

1820,0.6106181,1.037473

1821,0.5818059,1.045773

1822,0.5491849,1.053762

1823,0.5405919,1.054985

1824,0.5316289,1.055804

1825,0.5285976,1.056667

1826,0.5239731,1.055974

1827,0.5234526,1.054192

1828,0.522498,1.051888

1829,0.5212829,1.050958

1830,0.5194656,1.048367

1831,0.5186419,1.045738

1832,0.5170445,1.04157

1833,0.5167685,1.040137

1834,0.5169867,1.038015

1835,0.5166867,1.037604

1836,0.5163276,1.036549

1837,0.5163951,1.035807

1838,0.5163491,1.033827

1839,0.5162742,1.033062

1840,0.5161253,1.03191

1841,0.515895,1.031719

1842,0.5149723,1.031262

1843,0.51473,1.031011

1844,0.5149806,1.030763

1845,0.5156863,1.031623

1846,0.51546,1.029221

1847,0.5106179,0.9851952

1848,0.5050054,0.9248286

1849,0.4892763,0.7584466

1850,0.479893,0.6823186

1851,0.4658897,0.5655796

1852,0.4624172,0.5327769

1853,0.4585269,0.498833

1854,0.4574305,0.4885965

1855,0.4553054,0.4764679

1856,0.4551088,0.4726949

1857,0.4542824,0.4632775

1858,0.4542079,0.4607975

1859,0.4545056,0.4587034

1860,0.4545714,0.457361

1861,0.4555015,0.4574767

1862,0.4557845,0.4576606

1863,0.4558819,0.4577668

1864,0.4555253,0.4575132

1865,0.4545355,0.4551184

1866,0.4549738,0.4547926

1867,0.4557354,0.4548518

1868,0.4556358,0.4538749

1869,0.4547849,0.4521824

1870,0.4545401,0.4512761

1871,0.4522889,0.4498297

1872,0.4459934,0.452997

1873,0.4151422,0.4794972

1874,0.3934304,0.5011582

1875,0.3505962,0.5885002

1876,0.3348958,0.6299088

1877,0.3158824,0.6905445

1878,0.3048972,0.7224649

1879,0.3013536,0.7317532

1880,0.2982065,0.7442393

1881,0.2977178,0.7489395

1882,0.2956382,0.7546069

1883,0.2948355,0.756537

1884,0.2949315,0.7581503

1885,0.2950208,0.757961

1886,0.2958706,0.7582226

1887,0.2961576,0.758588

1888,0.2954923,0.7581869

1889,0.2914228,0.7599106

1890,0.2662706,0.7795727

1891,0.2364886,0.8105137

1892,0.191914,0.8752335

1893,0.1770687,0.9044266

1894,0.1651578,0.9298655

1895,0.1620561,0.9372911

1896,0.1561954,0.9528908

1897,0.1544065,0.9578949

1898,0.1551815,0.9574738

1899,0.155551,0.9570838

1900,0.15398,0.9623042

1901,0.1535413,0.9637005

1902,0.1544099,0.9619651

1903,0.1532862,0.9646801

1904,0.1516349,0.9640384

1905,0.1456853,0.9761344

1906,0.1433458,0.9797131

1907,0.1404537,0.984403

1908,0.1403092,0.9869694

1909,0.1411926,0.9883568

1910,0.1416944,0.9878455

1911,0.1447994,0.9799944

1912,0.1458009,0.9763742

1913,0.1470734,0.9711561

1914,0.1475942,0.9696733

1915,0.1484202,0.9672766

1916,0.1485479,0.9664109

1917,0.1483794,0.9651546

1918,0.1421224,0.9624152

1919,0.1290423,0.9566883

1920,0.0751617,1.018912

1921,-0.02468795,1.134223

1922,-0.02468795,1.134223

1923,-0.02468795,1.134223

1924,-0.02468795,1.134223

1925,-0.02468795,1.134223

1926,-0.02468795,1.134223

1927,-0.02468795,1.134223

1928,-0.02468795,1.134223

1929,-0.02468795,1.134223

1930,-0.02468795,1.134223

1931,-0.02468795,1.134223

1932,-0.02468795,1.134223

1933,-0.02468795,1.134223

1934,-0.02468795,1.134223

1935,-0.02468795,1.134223

1936,-0.02468795,1.134223

1937,-0.02468795,1.134223

1938,-0.02468795,1.134223

1939,-0.02468795,1.134223

1940,-0.02468795,1.134223

1941,-0.02468795,1.134223

1942,-0.02468795,1.134223

1943,-0.02468795,1.134223

1944,-0.02468795,1.134223

1945,-0.02468795,1.134223

1946,-0.02468795,1.134223

1947,-0.02468795,1.134223

1948,-0.02468795,1.134223

1949,-0.02468795,1.134223

1950,-0.02468795,1.134223

1951,0,0

1952,0,0

1953,0,0

1954,0,0

1955,0,0

1956,0.0099563,0.826684

1957,0.006358325,0.8234135

1958,0.007740617,0.7940482

1959,0.01467925,0.7654919

1960,0.02523986,0.7128938

1961,0.0323807,0.6748599

1962,0.0343264,0.6602749

1963,0.03701654,0.6409028

1964,0.03825456,0.6343074

1965,0.03902918,0.6244982

1966,0.03891554,0.6204984

1967,0.0388273,0.6140848

1968,0.03894684,0.6113123

1969,0.03949201,0.6079099

1970,0.03960302,0.6070802

1971,0.0394488,0.6055934

1972,0.0392434,0.6046501

1973,0.03903154,0.6027878

1974,0.03917038,0.6016169

1975,0.03913471,0.600046

1976,0.03905541,0.5991928

1977,0.03902966,0.5967391

1978,0.03902599,0.5951644

1979,0.0388692,0.5939116

1980,0.03860712,0.5939283

1981,0.04306632,0.5835122

1982,0.0534417,0.5542227

1983,0.07564139,0.4866407

1984,0.09036958,0.439237

1985,0.11609,0.3589547

1986,0.1273931,0.3265471

1987,0.1412051,0.2922882

1988,0.1465578,0.2742094

1989,0.1468857,0.2689691

1990,0.1471936,0.263108

1991,0.1469954,0.2615322

1992,0.1461242,0.2597902

1993,0.1458004,0.2585837

1994,0.1453306,0.257113

1995,0.144945,0.2574772

1996,0.1441244,0.2573848

1997,0.1443408,0.2554964

1998,0.144491,0.2532574

1999,0.1441572,0.2532998

2000,0.1431895,0.2525797

2001,0.1430293,0.2513706

2002,0.1429313,0.2500349

2003,0.1490192,0.2443375

2004,0.1821494,0.2126444

2005,0.2011296,0.1928344

2006,0.2344503,0.1503489

2007,0.2464206,0.1332224

2008,0.26163,0.1111487

2009,0.2663037,0.1039176

2010,0.2729345,0.0938957

2011,0.2752492,0.09028873

2012,0.2787558,0.08532915

2013,0.2807412,0.08356331

2014,0.281348,0.08258544

2015,0.2682976,0.07100224

2016,0.2552105,0.06295982

2017,0.2088238,0.04585401

2018,0.1880993,0.03907011

2019,0.1588821,0.02927876

2020,0.1491328,0.02559322

2021,0.1370746,0.02149622

2022,0.1332427,0.02079717

2023,0.1247495,0.02038424

2024,0.1209458,0.01886693

2025,0.119186,0.01902722

2026,0.1205108,0.01824684

2027,0.1735295,0.04978657

2028,0.3171828,0.09960403

2029,0.3536719,0.1093807

2030,0.3804967,0.1141013

2031,0.38666,0.1139399

2032,0.4001775,0.1145725

2033,0.5107012,0.1180483

2034,0.5978175,0.09029431

2035,0.6186728,0.0785645

2036,0.6282024,0.0760312

2037,0.631591,0.07652657

2038,0.6322879,0.07356067

2039,0.6320989,0.07358341

2040,0.6336321,0.07468619

2041,0.6396304,0.07435399

2042,0.7538484,0.0737782

2043,0.8847033,0.06202063

2044,0.8989962,0.05974311

2045,0.9147292,0.05660485

2046,0.919202,0.05597991

2047,0.9254941,0.05201793

2048,0.9274127,0.05071037

2049,0.9294606,0.04825516

2050,0.9299713,0.04672125

2051,0.9302468,0.04505917

2052,0.9301313,0.04442852

2053,0.9302585,0.04404312

2054,0.9305428,0.04462724

2055,0.9308809,0.0463367

2056,0.9307228,0.04613087

2057,0.9300306,0.04455595

2058,0.9322391,0.03214727

2059,0.9326722,0.02117296

2060,0.9315542,0.001957389

2061,0.9317607,-0.006098521

2062,0.9318864,-0.01744972

2063,0.9321473,-0.02188843

2064,0.9327219,-0.0281913

2065,0.9329809,-0.0307059

2066,0.9336291,-0.03559977

2067,0.933985,-0.03769415

2068,0.9345485,-0.04149223

2069,0.9349084,-0.04362424

2070,0.93413,-0.03319403

2071,0.9328597,-0.02264858

2072,0.934,0.151072

2073,0.935062,0.2398774

2074,0.9309638,0.430522

2075,0.9281015,0.4867571

2076,0.9240925,0.5418972

2077,0.9234316,0.5555484

2078,0.9226689,0.5676562

2079,0.9218839,0.5696686

2080,0.9200613,0.5712375

2081,0.9194484,0.5712378

2082,0.9191731,0.5702256

2083,0.9194305,0.5707491

2084,0.9191966,0.5722439

2085,0.9181036,0.5747997

2086,0.9179422,0.5765234

2087,0.9174007,0.578229

2088,0.9176646,0.5767335

2089,0.918207,0.573827

2090,0.9173361,0.5729579

2091,0.9164522,0.5713838

2092,0.9167963,0.5706488

2093,0.9167966,0.5695896

2094,0.9164312,0.5691411

2095,0.9158534,0.5687633

2096,0.9156162,0.5689532

2097,0.9114726,0.5680838

2098,0.9033797,0.567131

2099,0.878894,0.5637637

2100,0.8694736,0.5616804

2101,0.8530133,0.5571773

2102,0.8473392,0.5540283

2103,0.8507815,0.5467197

2104,0.864417,0.5423393

2105,0.8859027,0.5366449

2106,0.8986208,0.5337044

2107,0.9219037,0.527228

2108,0.930842,0.5237483

2109,0.9449073,0.5182715

2110,0.9545857,0.5147523

2111,0.9582336,0.5139165

2112,0.9637752,0.511824

2113,0.9659783,0.5112131

2114,0.9686894,0.5114129

2115,0.9694084,0.5104395

2116,0.9711587,0.5091148

2117,0.9715682,0.5084432

2118,0.9716168,0.5068757

2119,0.971538,0.5062058

2120,0.9715531,0.5050594

2121,0.9703031,0.5081351

2122,0.9651209,0.5164571

2123,0.9599599,0.5811161

2124,0.9480862,0.7334452

2125,0.9458581,0.811393

2126,0.943092,0.9077188

2127,0.9409617,0.9334463

2128,0.9393409,0.9616061

2129,0.9388177,0.9706841

2130,0.9383512,0.9811293

2131,0.9381145,0.9828938

2132,0.9380096,0.9853861

2133,0.9380121,0.9864146

2134,0.9382648,0.9869899

2135,0.9383177,0.987325

2136,0.9379481,0.9874733

2137,0.9369984,0.9894792

2138,0.9369279,0.9910294

2139,0.9372686,0.9947603

2140,0.9376725,0.9961046

2141,0.9398075,0.9973006

2142,0.9403849,0.9981455

2143,0.9407957,0.9997671

2144,0.9411895,1.000682

2145,0.9417814,1.003549

2146,0.9421175,1.005046

2147,0.9440393,1.008373

2148,0.9458692,1.009014

2149,0.9199929,0.97176

2150,0.9042985,0.9491649

2151,0.8242664,0.7230976

2152,0.7947921,0.6347902

2153,0.7509865,0.4978403

2154,0.7356108,0.4421691

2155,0.7198435,0.362224

2156,0.716146,0.3402239

2157,0.710118,0.3181295

2158,0.7085091,0.3122024

2159,0.7074587,0.3051031

2160,0.7072467,0.3043891

2161,0.7068862,0.3034556

2162,0.7059973,0.3029596

2163,0.7049765,0.3024434

2164,0.7051144,0.3017589

2165,0.7052179,0.2998608

2166,0.7055195,0.299052

2167,0.7052939,0.299727

2168,0.704321,0.3006836

2169,0.7039506,0.2999388

2170,0.703415,0.299601

2171,0.7036476,0.2998466

2172,0.7036403,0.2998576

2173,0.7034497,0.3001272

2174,0.70322,0.3000343

2175,0.7030934,0.2988898

2176,0.7383127,0.2526779

2177,0.7790408,0.2024566

2178,0.8495697,0.1061773

2179,0.8743305,0.06795727

2180,0.9046195,0.0248235

2181,0.9140576,0.01170247

2182,0.9243527,-0.003731266

2183,0.9278448,-0.007545155

2184,0.9319033,-0.01256431

2185,0.933023,-0.01386617

2186,0.934518,-0.01625181

2187,0.9350755,-0.01606977

2188,0.9390604,-0.02026429

2189,0.9478266,-0.02270485

2190,0.9509918,-0.02115255

2191,0.9515486,-0.02137075

2192,0.9518215,-0.02211043

2193,0.9519593,-0.02238171

2194,0.9478388,-0.02149297

2195,0.938723,-0.01144277

2196,0.8402945,0.1199666

2197,0.7714889,0.2173465

2198,0.6440638,0.394331

2199,0.6041288,0.4577567

2200,0.5647098,0.5221082

2201,0.5545553,0.5337087

2202,0.5448808,0.54511

2203,0.5419088,0.547334

2204,0.5398362,0.5500742

2205,0.5402186,0.549575

2206,0.5392984,0.547384

2207,0.5389568,0.546055

2208,0.5395416,0.5429071

2209,0.5387927,0.5413865

2210,0.536759,0.5397189

2211,0.5359204,0.5386024

2212,0.5354018,0.5377082

2213,0.534691,0.5375501

2214,0.5344085,0.5372725

2215,0.5335362,0.5364428

2216,0.5334302,0.5358616

2217,0.5334238,0.5341067

2218,0.5331968,0.5336099

2219,0.5328441,0.5321847

2220,0.5328244,0.5316152

2221,0.5328038,0.5304338

2222,0.532855,0.5292125

2223,0.5329477,0.5274704

2224,0.5328348,0.5271158

2225,0.5327461,0.5272329

2226,0.5329306,0.5274153

2227,0.5331942,0.5282419

2228,0.5332962,0.5288767

2229,0.5335928,0.5294259

2230,0.5337049,0.5295278

2231,0.5338791,0.5298105

2232,0.5338997,0.5301523

2233,0.5336717,0.530549

2234,0.532466,0.5279775

2235,0.52237,0.5006799

2236,0.503424,0.4450193

2237,0.4947842,0.4188602

2238,0.4873856,0.3965037

2239,0.4773286,0.3661184

2240,0.4715202,0.3488552

2241,0.4697804,0.3428414

2242,0.4674312,0.3346459

2243,0.4660748,0.3330931

2244,0.4637201,0.3310916

2245,0.4578488,0.3289288

2246,0.4305459,0.326794

2247,0.4037844,0.3263165

2248,0.3455012,0.3214067

2249,0.3264526,0.3201821

2250,0.300575,0.3181886

2251,0.2925751,0.3170566

2252,0.2840751,0.3149867

2253,0.281347,0.3140306

2254,0.2763834,0.3111542

2255,0.2745602,0.3091087

2256,0.2718089,0.3064525

2257,0.2708597,0.3062108

2258,0.270633,0.3069304

2259,0.2705821,0.3065709

2260,0.2704935,0.3044634

2261,0.2711982,0.3037377

2262,0.2711833,0.3034349

2263,0.2712291,0.3028326

2264,0.273147,0.3014775

2265,0.2821763,0.2991049

2266,0.2866862,0.2984115

2267,0.2944822,0.2962853

2268,0.2981808,0.2951492

2269,0.3048003,0.2932704

2270,0.3075074,0.2924196

2271,0.3123526,0.2904742

2272,0.3147368,0.2904371

2273,0.3191385,0.2896346

2274,0.3209602,0.2882589

2275,0.3232532,0.286978

2276,0.3238218,0.2859781

2277,0.3250435,0.2835166

2278,0.3257818,0.2828376

2279,0.3269741,0.2809111

2280,0.329818,0.279355

2281,0.3481801,0.2780598

2282,0.3598612,0.2788413

2283,0.3791674,0.2807052

2284,0.3867298,0.2813375

2285,0.3976683,0.2814429

2286,0.4014255,0.2809801

2287,0.4081753,0.2809177

2288,0.4114652,0.2810102

2289,0.4148226,0.2816694

2290,0.4156907,0.281544

2291,0.4186776,0.2812645

2292,0.4197831,0.2816064

2293,0.4212644,0.2823122

2294,0.4226146,0.2827042

2295,0.4233541,0.2828279

2296,0.4238998,0.2838041

2297,0.4232134,0.2851091

2298,0.4163071,0.301375

2299,0.4093245,0.3254669

2300,0.3984163,0.3942061

2301,0.3953559,0.423431

2302,0.3902358,0.467067

2303,0.388684,0.4825978

2304,0.3866476,0.5007788

2305,0.3859655,0.5069708

2306,0.3844998,0.5140676

2307,0.3840954,0.5159257

2308,0.3839808,0.5180721

2309,0.3841333,0.5188787

2310,0.3830853,0.5199596

2311,0.3823707,0.5205085

2312,0.380849,0.5208623

2313,0.3802811,0.5207829

2314,0.3790961,0.5205539

2315,0.3785852,0.5201039

2316,0.3778797,0.5193852

2317,0.3774803,0.5194536

2318,0.3768079,0.5195622

2319,0.3766666,0.5194925

2320,0.3772249,0.5188375

2321,0.3821196,0.5163358

2322,0.3910346,0.5123688

2323,0.435966,0.4934048

2324,0.4652627,0.4834577

2325,0.5120698,0.4671571

2326,0.528404,0.45996

2327,0.5503099,0.448445

2328,0.5579687,0.4462539

2329,0.5679051,0.443239

2330,0.5702913,0.4417991

2331,0.5734171,0.4420183

2332,0.5747674,0.4413781

2333,0.5765752,0.4405684

2334,0.5770749,0.4414123

2335,0.577758,0.4414992

2336,0.5784587,0.4418915

2337,0.5800157,0.4432934

2338,0.580449,0.4427623

2339,0.5811205,0.4408325

2340,0.5814884,0.4407676

2341,0.5816442,0.4410798

2342,0.581593,0.4414262

2343,0.5816575,0.4420928

2344,0.5822357,0.4424616

2345,0.5819667,0.4421827

2346,0.5825336,0.4416572

2347,0.5828355,0.4415315

2348,0.5820544,0.4411002

2349,0.5790325,0.4410104

2350,0.5626011,0.4421981

2351,0.549895,0.4453163

2352,0.5242169,0.450417

2353,0.5134318,0.4513285

2354,0.4957743,0.452509

2355,0.4889211,0.4526276

2356,0.4794228,0.4518965

2357,0.4761955,0.4516877

2358,0.4719288,0.4523407

2359,0.4684216,0.4515032

2360,0.440176,0.4447668

2361,0.4187072,0.4388882

2362,0.3431556,0.4016942

2363,0.2108601,0.3338566

2364,0.2092096,0.3319756

2365,0.2092368,0.330187

2366,0.2087704,0.3297247

2367,0.2082781,0.3299176

2368,0.2081279,0.3285942

2369,0.2075851,0.3269228

2370,0.2073396,0.3260162

2371,0.207894,0.3248071

2372,0.2080792,0.3241065

2373,0.2084294,0.3228744

2374,0.2084617,0.3226738

2375,0.2080256,0.3227595

2376,0.2080178,0.3225108

2377,0.2080515,0.3206373

2378,0.2079608,0.3199646

2379,0.2085382,0.3185881

2380,0.2085741,0.317997

2381,0.2089271,0.3164923

2382,0.2092038,0.316082

2383,0.2087587,0.3180173

2384,0.208542,0.3185173

2385,0.2079285,0.3181491

2386,0.2077475,0.3180332

2387,0.2074156,0.3182179

2388,0.2069613,0.3183869

2389,0.2054527,0.3190123

2390,0.2047194,0.3194214

2391,0.2038684,0.319749

2392,0.2042084,0.3192764

2393,0.2101502,0.319622

2394,0.2159663,0.3207825

2395,0.2292518,0.3247656

2396,0.2426758,0.3284108

2397,0.2486182,0.3296615

2398,0.2577177,0.3316401

2399,0.2613695,0.3325178

2400,0.2673213,0.3338529

2401,0.2692459,0.3346095

2402,0.2833354,0.3541797

2403,0.3033588,0.3833713

2404,0.3549119,0.466892

2405,0.3745507,0.5054005

2406,0.3986307,0.5535428

2407,0.4064195,0.567545

2408,0.4135673,0.5831316

2409,0.4156834,0.5869582

2410,0.4185704,0.592558

2411,0.41931,0.5946074

2412,0.4207976,0.5959114

2413,0.4213162,0.5965998

2414,0.4218273,0.5992187

2415,0.42182,0.5999464

2416,0.4228956,0.6015329

2417,0.4233049,0.6026911

2418,0.4238707,0.6042411

2419,0.4240235,0.604309

2420,0.4245267,0.603471

2421,0.4249441,0.6025891

2422,0.4300183,0.6145008

2423,0.4381511,0.6448767

2424,0.4416346,0.6595212

2425,0.4472114,0.6817093

2426,0.4486991,0.690156

2427,0.4510143,0.7012531

2428,0.4520941,0.7038906

2429,0.4535166,0.7074683

2430,0.4539178,0.7091645

2431,0.4546436,0.7116374

2432,0.4549576,0.7125548

2433,0.453443,0.7132062

2434,0.4467436,0.7133153

2435,0.4200072,0.7122871

2436,0.3977843,0.710812

2437,0.3414623,0.7095376

2438,0.317632,0.7089825

2439,0.2840477,0.707677

2440,0.2732432,0.7074782

2441,0.2585703,0.7056421

2442,0.2534068,0.7038063

2443,0.246708,0.702013

2444,0.2445106,0.7018983

2445,0.242149,0.7009904

2446,0.2419956,0.6995635

2447,0.2426592,0.6966659

2448,0.2433431,0.696258

2449,0.2439609,0.6953718

2450,0.2436171,0.6938018

2451,0.2435312,0.6928893

2452,0.2433168,0.690704

2453,0.2432329,0.6898025

2454,0.2438275,0.6877272

2455,0.2441758,0.6864669

2456,0.2441773,0.6849122

2457,0.2441441,0.6839564

2458,0.2431458,0.679343

2459,0.2417083,0.6755912

2460,0.2118553,0.6021401

2461,0.1922224,0.5542797

2462,0.1486382,0.4367052

2463,0.1362978,0.3982335

2464,0.1234924,0.3533703

2465,0.1190594,0.3411476

2466,0.1147353,0.3293951

2467,0.1150467,0.3273625

2468,0.1140561,0.3248608

2469,0.113638,0.3233927

2470,0.1142832,0.3209476

2471,0.114687,0.3208935

2472,0.1140507,0.3221842

2473,0.1135541,0.3225387

2474,0.1155524,0.3211645

2475,0.1163005,0.3201652

2476,0.1181344,0.3192434

2477,0.1190374,0.3186703

2478,0.1192087,0.3181636

2479,0.1188475,0.317945

2480,0.1180588,0.3161409

2481,0.1180032,0.315364

2482,0.1181585,0.3154537

2483,0.1178388,0.314349

2484,0.1176625,0.3135

2485,0.1173518,0.312195

2486,0.116976,0.3108995

2487,0.1167225,0.3094067

2488,0.1166696,0.3094123

2489,0.116486,0.3085943

2490,0.116901,0.3084217

2491,0.1172115,0.3151979

2492,0.1167604,0.3262783

2493,0.1129739,0.3573882

2494,0.1106547,0.3653398

2495,0.1106547,0.3653398

2496,0.1106547,0.3653398

2497,0.08494034,0.4556829

2498,0.08373466,0.4791589

2499,0.08564675,0.5312999

2500,0.08829102,0.5647119

2501,0.09102955,0.6090652

2502,0.09166902,0.6227233

2503,0.09142825,0.6419923

2504,0.09043062,0.6492462

2505,0.09107834,0.6575212

2506,0.09213558,0.6595945

2507,0.0924263,0.6608602

2508,0.0920192,0.6587901

2509,0.09192601,0.6583664

2510,0.0921205,0.6582595

2511,0.09130311,0.6576375

2512,0.08996144,0.6561124

2513,0.09041634,0.6551337

2514,0.09134021,0.6543201

2515,0.09104386,0.6553005

2516,0.09047252,0.6573961

2517,0.09035093,0.6582914

2518,0.09021732,0.6594511

2519,0.09904212,0.6617165

2520,0.1439644,0.6744625

2521,0.1818119,0.6827512

2522,0.2817695,0.6859723

2523,0.3219886,0.6797485

2524,0.374274,0.6716353

2525,0.3891661,0.6708417

2526,0.4059723,0.6704005

2527,0.41097,0.6701548

2528,0.4168773,0.6704411

2529,0.4187846,0.6697783

2530,0.4205819,0.6685001

2531,0.4209245,0.6672949

2532,0.4214461,0.6640502

2533,0.4207216,0.6646861

2534,0.4205124,0.665273

2535,0.4203225,0.6660252

2536,0.4203371,0.6656712

2537,0.4207109,0.6643016

2538,0.4207433,0.6639727

2539,0.4204955,0.6635289

2540,0.4205343,0.6634195

2541,0.4206303,0.6630473

2542,0.4207309,0.6627361

2543,0.4209455,0.6624663

2544,0.4210586,0.6626447

2545,0.4223006,0.6611285

2546,0.4261244,0.6563974

2547,0.4523712,0.6249766

2548,0.4726751,0.5981839

2549,0.5122156,0.540596

2550,0.5272744,0.5192881

2551,0.5474067,0.4890146

2552,0.5531552,0.4785981

2553,0.5604191,0.4667268

2554,0.5624988,0.4627674

2555,0.5658657,0.4598785

2556,0.5673915,0.4592163

2557,0.5696731,0.4613409

2558,0.5704367,0.4616428

2559,0.5721111,0.4616146

2560,0.5731939,0.4579547

2561,0.5731939,0.4579547

2562,0.5731939,0.4579547

2563,0.5731939,0.4579547

2564,0.5731939,0.4579547

2565,0.5731939,0.4579547

2566,0.5731939,0.4579547

2567,0.5731939,0.4579547

2568,0.6025692,0.3239253

2569,0.6002966,0.3151697

2570,0.5909954,0.3186601

2571,0.5863964,0.3256513

2572,0.5797295,0.3333932

2573,0.5769382,0.3361027

2574,0.5715488,0.3409421

2575,0.5690826,0.3426477

2576,0.5644567,0.3459575

2577,0.5623955,0.3477574

2578,0.5595665,0.3506766

2579,0.5584471,0.3519957

2580,0.5574303,0.3546205

2581,0.5571725,0.3558726

2582,0.5563257,0.3591654

2583,0.5558946,0.3605664

2584,0.554909,0.3621038

2585,0.5542512,0.3622848

2586,0.5540767,0.3639352

2587,0.554414,0.3649614

2588,0.5542393,0.3646024

2589,0.5538524,0.3642893

2590,0.5534393,0.3644537

2591,0.5534348,0.3647236

2592,0.5532027,0.3649206

2593,0.5530787,0.3646237

2594,0.5536553,0.3633684

2595,0.5601299,0.3546859

2596,0.5705052,0.3420697

2597,0.6076532,0.3026309

2598,0.6321574,0.2820265

2599,0.6791626,0.2420585

2600,0.6999334,0.2266238

2601,0.7388563,0.2041392

2602,0.7555006,0.1939051

2603,0.7784085,0.1785525

2604,0.7852777,0.1735715

2605,0.7932162,0.1672921

2606,0.7956177,0.1673842

2607,0.8000196,0.1663818

2608,0.8017458,0.1643092

2609,0.8034733,0.1614725

2610,0.8036124,0.1609414

2611,0.8044314,0.1592679

2612,0.8055025,0.1581176

2613,0.8072563,0.1574331

2614,0.8071022,0.1569579

2615,0.806622,0.1553986

2616,0.8076746,0.1541993

2617,0.8086352,0.152142

2618,0.8088316,0.1519467

2619,0.8094658,0.1508285

2620,0.8084141,0.1505921

2621,0.8084024,0.1508161

2622,0.8088538,0.1504021

2623,0.8088446,0.150266

2624,0.8047787,0.1545062

2625,0.7979152,0.1624383

2626,0.7434711,0.2446119

2627,0.707474,0.3165004

2628,0.6517543,0.4504429

2629,0.6342604,0.4976296

2630,0.6174281,0.5486559

2631,0.613472,0.5624063

2632,0.607856,0.5784522

2633,0.606367,0.5825225

2634,0.6046897,0.5859274

2635,0.6045217,0.5862417

2636,0.603914,0.589052

2637,0.6032907,0.5893366

2638,0.6032503,0.5900511

2639,0.602635,0.5905516

2640,0.6008536,0.5904281

2641,0.6005135,0.5892058

2642,0.6014846,0.5878592

2643,0.6019055,0.5882289

2644,0.6016825,0.5883363

2645,0.6013868,0.5882404

2646,0.6013885,0.5865795

2647,0.6013502,0.5854937

2648,0.601045,0.5795637

2649,0.6007965,0.5747423

2650,0.5998783,0.5660199

2651,0.5989531,0.5589336

2652,0.5986348,0.5555488

2653,0.5991132,0.5490915

2654,0.5992944,0.5466182

2655,0.598525,0.5416707

2656,0.5981226,0.5390653

2657,0.5978749,0.5361312

2658,0.5976291,0.5350581

2659,0.5981524,0.533769

2660,0.6010711,0.5359787

2661,0.6156751,0.5547754

2662,0.6317385,0.5803898

2663,0.731866,0.749176

2664,0.7698907,0.8179636

2665,0.8159791,0.9124514

2666,0.8267545,0.9387378

2667,0.8361472,0.9643767

2668,0.8383134,0.9703161

2669,0.8418124,0.9796009

2670,0.8435148,0.9829064

2671,0.8455788,0.9854812

2672,0.8463281,0.9860364

2673,0.8448525,0.985789

2674,0.8435698,0.9856119

2675,0.8434325,0.9857517

2676,0.8442069,0.9862819

2677,0.8445828,0.9855169

2678,0.8446267,0.9849389

2679,0.8442618,0.9844915

2680,0.8433999,0.9848187

2681,0.8429018,0.9849369

2682,0.8421636,0.9850887

2683,0.841855,0.9847006

2684,0.8419458,0.9849996

2685,0.8424607,0.9850894

2686,0.8443849,0.9712049

2687,0.8460975,0.9532413

2688,0.8631976,0.7936481

2689,0.8776842,0.6800491

2690,0.8985482,0.5052133

2691,0.9071923,0.4073622

2692,0.9172783,0.2793439

2693,0.9205639,0.2330361

2694,0.9240737,0.1802385

2695,0.9241584,0.1671449

2696,0.9232708,0.1516158

2697,0.9241353,0.1470033

2698,0.9250457,0.14122

2699,0.9242089,0.1378839

2700,0.9232368,0.1330168

2701,0.9220486,0.1317387

2702,0.9201059,0.1283161

2703,0.919788,0.1263695

2704,0.9189914,0.1233306

2705,0.9191188,0.1208809

2706,0.920453,0.1023366

2707,0.9250715,0.04305612

2708,0.9264665,0.02424802

2709,0.9302188,-0.003652444

2710,0.931592,-0.01379335

2711,0.9338895,-0.02805217

2712,0.935069,-0.03209075

2713,0.9364098,-0.03515711

2714,0.9365616,-0.03470011

2715,0.935249,-0.03151595

2716,0.9348336,-0.03072625

2717,0.9347825,-0.02818162

2718,0.9346221,-0.02714944

2719,0.9343998,-0.02630961

2720,0.9343562,-0.0261006

2721,0.9340814,-0.02595865

2722,0.9339072,-0.02558672

2723,0.9338837,-0.02516503

2724,0.9339225,-0.02518832

2725,0.9337469,-0.02575822

2726,0.9336075,-0.02624537

2727,0.9334513,-0.02750004

2728,0.9335793,-0.02800852

2729,0.9339017,-0.02896518

2730,0.9340462,-0.02941704

2731,0.9339868,-0.03036891

2732,0.9341223,-0.03052987

2733,0.9341235,-0.03086355

2734,0.9340123,-0.03098908

2735,0.9341306,-0.03166146

2736,0.9343018,-0.03211576

2737,0.9345554,-0.03233654

2738,0.9348235,-0.03179447

2739,0.9347076,-0.03138895

2740,0.9340133,-0.0290293

2741,0.9331118,-0.02665469

2742,0.9098163,0.1670416

2743,0.8995895,0.252074

2744,0.8910301,0.5342261

2745,0.8896418,0.6112884

2746,0.8961368,0.7417373

2747,0.8982619,0.7690839

2748,0.9013347,0.7905183

2749,0.90155,0.7950943

2750,0.9045144,0.7990295

2751,0.9034873,0.8023707

2752,0.9028413,0.8093603

2753,0.9055412,0.8101666

2754,0.9078239,0.8122487

2755,0.9085994,0.8140075

2756,0.9082001,0.8131552

2757,0.9078504,0.8130546

2758,0.9073849,0.8133501

2759,0.9072722,0.8139694

2760,0.9072827,0.8164849

2761,0.9077652,0.817839

2762,0.9087321,0.819397

2763,0.9088944,0.8197705

2764,0.9087139,0.819794

2765,0.9087157,0.8198705

2766,0.9095237,0.8204872

2767,0.9099289,0.8206339

2768,0.9098466,0.8202807

2769,0.9097745,0.8207188

2770,0.9096683,0.8211385

2771,0.9099205,0.8219135

2772,0.9100925,0.8225698

2773,0.9098063,0.8226693

2774,0.9094853,0.8223262

2775,0.9089572,0.82184

2776,0.9088683,0.8216877

2777,0.9086938,0.8213919

2778,0.9086235,0.8213297

2779,0.9087802,0.8206735

2780,0.9086813,0.8202251

2781,0.9081582,0.8193032

2782,0.9080105,0.818809

2783,0.9079658,0.817892

2784,0.9079218,0.817479

2785,0.9027295,0.8203751

2786,0.8889551,0.8286962

2787,0.8642902,0.8574331

2788,0.8586167,0.9154655

2789,0.8604491,0.9453059

2790,0.8620378,0.9814544

2791,0.8637335,0.991336

2792,0.8662674,1.003587

2793,0.8668,1.007518

2794,0.8680836,1.013149

2795,0.8691071,1.016863

2796,0.8702101,1.022071

2797,0.8701977,1.024124

2798,0.8704438,1.026954

2799,0.8703794,1.02651

2800,0.8701337,1.025779

2801,0.8699698,1.025409

2802,0.8677167,1.02378

2803,0.8566796,1.022964

2804,0.8101802,1.026283

2805,0.7712384,1.027385

2806,0.6895899,1.025267

2807,0.6588359,1.026231

2808,0.6205099,1.02875

2809,0.608892,1.028485

2810,0.5950045,1.026284

2811,0.5908537,1.02564

2812,0.5859776,1.023465

2813,0.5846938,1.022692

2814,0.581918,1.020529

2815,0.580624,1.018035

2816,0.5783932,1.01569

2817,0.578157,1.015209

2818,0.5787751,1.01378

2819,0.5784774,1.013047

2820,0.5765115,1.01059

2821,0.5750884,1.009549

2822,0.5745271,1.008951

2823,0.5743754,1.008288

2824,0.5746325,1.007703

2825,0.5674334,0.9892962

2826,0.5558546,0.960548

2827,0.5250855,0.8800654

2828,0.5121295,0.8431488

2829,0.4946679,0.7897409

2830,0.4893948,0.7722816

2831,0.4813026,0.7500484

2832,0.4785102,0.7428985

2833,0.475771,0.7339583

2834,0.4747329,0.7307121

2835,0.4738836,0.7259021

2836,0.4736567,0.7244645

2837,0.472741,0.7235176

2838,0.4724684,0.7229722

2839,0.4717597,0.7211866

2840,0.4714426,0.7202535

2841,0.4712439,0.7178878

2842,0.4714076,0.7171386

2843,0.4710597,0.7153705

2844,0.4705781,0.7144444

2845,0.4703029,0.7143518

2846,0.4703801,0.7146024

2847,0.4702913,0.7148637

2848,0.4701586,0.7147732

2849,0.4701073,0.7144634

2850,0.4700744,0.7142279

2851,0.4628918,0.7138233

2852,0.4407533,0.7172896

2853,0.3964914,0.7318949

2854,0.3183398,0.7511127

2855,0.2900527,0.7585779

2856,0.2546262,0.7676227

2857,0.2443318,0.7702031

2858,0.2326008,0.7743222

2859,0.2286569,0.7750492

2860,0.2237632,0.7741987

2861,0.2228748,0.7737542

2862,0.2212247,0.7735502

2863,0.2204078,0.7745751

2864,0.2202001,0.7757108

2865,0.2201844,0.7759874

2866,0.2204159,0.7773257

2867,0.220929,0.7770853

2868,0.2212099,0.7766813

2869,0.2193164,0.7765839

2870,0.2049348,0.7806067

2871,0.1843362,0.7929639

2872,0.1311999,0.8351151

2873,0.07913297,0.8902638

2874,0.06258911,0.9077868

2875,0.06258911,0.9077868

2876,0.06258911,0.9077868

2877,0.06258911,0.9077868

2878,0.06258911,0.9077868

2879,0.06258911,0.9077868

2880,0.06258911,0.9077868

2881,0.06258911,0.9077868

2882,0.06258911,0.9077868

2883,0.06258911,0.9077868

2884,0.06258911,0.9077868

2885,0.06258911,0.9077868

2886,0.06258911,0.9077868

2887,-0.0740447,1.210895

2888,-0.07957578,1.223165

2889,-0.05866128,1.174198

2890,-0.04695332,1.146912

2891,-0.02243942,1.082425

2892,-0.01173717,1.054271

2893,-0.01173717,1.054271

2894,-0.01173717,1.054271

2895,-0.01173717,1.054271

2896,-0.01173717,1.054271

2897,-0.01173717,1.054271

2898,-0.01173717,1.054271

2899,-0.01173717,1.054271

2900,-0.01173717,1.054271

2901,-0.01173717,1.054271

2902,-0.01173717,1.054271

2903,-0.01173717,1.054271

2904,-0.01173717,1.054271

2905,-0.01173717,1.054271

2906,-0.01173717,1.054271

2907,-0.01173717,1.054271

2908,-0.01173717,1.054271

2909,-0.01173717,1.054271

2910,-0.01173717,1.054271

2911,-0.01173717,1.054271

2912,-0.01173717,1.054271

2913,-0.01173717,1.054271

2914,-0.01173717,1.054271

2915,-0.01173717,1.054271

2916,-0.01173717,1.054271

2917,-0.01173717,1.054271

2918,-0.01173717,1.054271

2919,-0.01173717,1.054271

2920,-0.01173717,1.054271

2921,0.02627358,0.9019651

2922,0.02696726,0.8934653

2923,0.03459722,0.8692955

2924,0.071004,0.7568015

2925,0.09904236,0.6623438

2926,0.1385947,0.5322838

2927,0.1535357,0.4872311

2928,0.1730414,0.4439106

2929,0.1781903,0.4328756

2930,0.1827676,0.4221586

2931,0.1835281,0.4196923

2932,0.1853634,0.4149601

2933,0.1861594,0.4137568

2934,0.1873224,0.4129266

2935,0.18762,0.4122455

2936,0.187017,0.4106838

2937,0.1869359,0.4089346

2938,0.186489,0.4077654

2939,0.1865592,0.4061379

2940,0.1861952,0.4052772

2941,0.1861256,0.4055246

2942,0.1864707,0.4056062

2943,0.1865801,0.4055268

2944,0.1869717,0.4050401

2945,0.1870683,0.4040089

2946,0.1867716,0.4043393

2947,0.1865922,0.4045667

2948,0.1869029,0.4043958

2949,0.1882791,0.4047532

2950,0.213497,0.4181131

2951,0.2706292,0.4443264

2952,0.295611,0.4551475

2953,0.3323045,0.4707676

2954,0.3445841,0.4759232

2955,0.3601014,0.4824112

2956,0.3652479,0.4847045

2957,0.3721543,0.4876953

2958,0.374241,0.4887502

2959,0.376604,0.4929514

2960,0.3780361,0.4953521

2961,0.3787518,0.4958617

2962,0.3797172,0.4971578

2963,0.3801004,0.4974854

2964,0.3804741,0.4989844

2965,0.3805278,0.4998162

2966,0.3805852,0.5012588

2967,0.3805356,0.5020182

2968,0.3807762,0.5030299

2969,0.381106,0.5034416

2970,0.3818178,0.503219

2971,0.382148,0.503072

2972,0.3824703,0.5025438

2973,0.3826911,0.5021911

2974,0.3828278,0.5019154

2975,0.3826509,0.5014887

2976,0.3895699,0.5053298

2977,0.3992074,0.5138881

2978,0.4300123,0.558301

2979,0.4459027,0.5924305

2980,0.4692565,0.6597627

2981,0.4777344,0.6857386

2982,0.4895418,0.7199127

2983,0.4934721,0.7300325

2984,0.4987561,0.7423035

2985,0.4998519,0.7464285

2986,0.5005936,0.7517558

2987,0.5007272,0.7534294

2988,0.5015234,0.755465

2989,0.5020037,0.7569556

2990,0.502269,0.7589732

2991,0.5023232,0.7596691

2992,0.5019779,0.761282

2993,0.5017906,0.7620583

2994,0.5014729,0.7634674

2995,0.5020272,0.7654364

2996,0.5022162,0.7662044

2997,0.5016551,0.7656608

2998,0.5015396,0.7651485

2999,0.5057287,0.7719474

3000,0.5110077,0.7860948

3001,0.5192838,0.8342862

3002,0.5186028,0.8653903

3003,0.5118546,0.9228266

3004,0.5085215,0.9451685

3005,0.5051386,0.9751659

3006,0.5038466,0.9847453

3007,0.5015466,0.9967659

3008,0.5006544,1.001067

3009,0.4988838,1.007609

3010,0.4984914,1.010178

3011,0.4975076,1.014343

3012,0.4970776,1.015935

3013,0.4972441,1.018067

3014,0.497342,1.018849

3015,0.4965564,1.019442

3016,0.496429,1.019062

3017,0.4967529,1.018521

3018,0.4967934,1.018839

3019,0.4973055,1.019659

3020,0.4974884,1.019983

3021,0.4972379,1.019487

3022,0.4959349,1.016584

3023,0.4857639,0.9985743

3024,0.4498322,0.9366165

3025,0.4263058,0.8871859

3026,0.3932016,0.7910187

3027,0.3827786,0.7562579

3028,0.3703534,0.7132736

3029,0.3669333,0.7011142

3030,0.3628925,0.6865945

3031,0.362899,0.6824639

3032,0.3623407,0.6757593

3033,0.3623754,0.6729825

3034,0.3636274,0.6695975

3035,0.3643587,0.6683901

3036,0.3651628,0.6666254

3037,0.364612,0.6658888

3038,0.3644347,0.6644073

3039,0.3644715,0.6637098

3040,0.3644875,0.6621648

3041,0.364175,0.6620302

3042,0.36397,0.66073

3043,0.3644663,0.6594281

3044,0.3650491,0.6575742

3045,0.3643154,0.6569009

3046,0.3639294,0.6569541

3047,0.3639354,0.6566074

3048,0.3628698,0.6557396

3049,0.3482403,0.6616297

3050,0.3347225,0.6681137

3051,0.2815081,0.7175748

3052,0.2550629,0.7432491

3053,0.2202724,0.7891106

3054,0.2096014,0.8049096

3055,0.1952812,0.8253567

3056,0.1910082,0.8321584

3057,0.1869245,0.8456333

3058,0.1855965,0.8499468

3059,0.1819924,0.8548723

3060,0.1807094,0.8565176

3061,0.1819919,0.8547549

3062,0.1825177,0.8538342

3063,0.1824653,0.8546658

3064,0.1824597,0.8549418

3065,0.1823826,0.8542262

3066,0.1824424,0.8538148

3067,0.1821434,0.8527973

3068,0.1820225,0.852371

3069,0.1818174,0.8549492

3070,0.1815456,0.8561108

3071,0.1811404,0.8531141

3072,0.1817962,0.8521488

3073,0.1906112,0.8527929

3074,0.2073309,0.8513677

3075,0.2971142,0.8259271

3076,0.3542772,0.8054439

3077,0.4758304,0.7673547

3078,0.5302467,0.752419

3079,0.6095529,0.729113

3080,0.6465331,0.7185599

3081,0.6558806,0.7147595

3082,0.6639354,0.7095112

3083,0.6658161,0.7080708

3084,0.6689487,0.7035976

3085,0.6705163,0.701669

3086,0.6725099,0.6997308

3087,0.6729233,0.698796

3088,0.674848,0.6984654

3089,0.6758711,0.6990837

3090,0.6771874,0.7002041

3091,0.6773433,0.7007539

3092,0.6773902,0.7014521

3093,0.6773782,0.7018415

3094,0.6767234,0.7026339

3095,0.676621,0.7028043

3096,0.6775637,0.7031782

3097,0.6779802,0.7027673

3098,0.6782277,0.7023434

3099,0.6783819,0.7025468

3100,0.6786499,0.7021915

3101,0.678777,0.7023165

3102,0.6792371,0.7027393

3103,0.6794263,0.7026718

3104,0.6792157,0.7026535

3105,0.6792638,0.7026792

3106,0.6795979,0.7025356

3107,0.6798767,0.7029329

3108,0.6811582,0.7150975

3109,0.6885184,0.7707498

3110,0.6945416,0.817526

3111,0.7045403,0.9085975

3112,0.7076924,0.9391224

3113,0.7125282,0.9754642

3114,0.7146157,0.9855289

3115,0.7174761,0.9967668

3116,0.718116,1.00014

3117,0.7189451,1.004737

3118,0.7196522,1.006744

3119,0.7212384,1.00934

3120,0.7217407,1.009772

3121,0.7217451,1.010314

3122,0.7214961,1.010593

3123,0.7209865,1.010215

3124,0.7210166,1.00982

3125,0.7220035,1.00911

3126,0.7224977,1.008841

3127,0.7230684,1.008327

3128,0.7235987,1.008056

3129,0.7243702,1.00734

3130,0.7243849,1.006657

3131,0.7242967,1.005633

3132,0.7239231,1.005464

3133,0.72333,1.005342

3134,0.7234799,1.005081

3135,0.7234178,1.00491

3136,0.7236722,1.001621

3137,0.7278959,0.9885165

3138,0.7589868,0.9028846

3139,0.7774027,0.8451914

3140,0.805748,0.7508076

3141,0.814461,0.7205049

3142,0.8254963,0.6793041

3143,0.8288255,0.6681659

3144,0.8322352,0.6562869

3145,0.8332128,0.652159

3146,0.8338181,0.6462842

3147,0.8342341,0.6441136

3148,0.8342343,0.6399744

3149,0.8344228,0.6385462

3150,0.835577,0.6373805

3151,0.8359305,0.6380091

3152,0.8366581,0.6388749

3153,0.836693,0.6390844

3154,0.8376138,0.6382112

3155,0.8378166,0.6369931

3156,0.8378818,0.6352742

3157,0.8393089,0.6356081

3158,0.843445,0.6355812

3159,0.8571211,0.6529458

3160,0.8767822,0.6966898

3161,0.8825988,0.7189656

3162,0.8915455,0.7532395

3163,0.8959225,0.7740626

3164,0.8971186,0.7813315

3165,0.8981864,0.7912714

3166,0.8988353,0.7944555

3167,0.9007512,0.7990903

3168,0.9015745,0.8008795

3169,0.9033427,0.8043382

3170,0.9036797,0.8053135

3171,0.9031696,0.8037142

3172,0.9026998,0.802914

3173,0.9017745,0.8022852

3174,0.9013954,0.8020198

3175,0.9005699,0.8020312

3176,0.9000351,0.8017365

3177,0.899123,0.8009689

3178,0.8988616,0.8004999

3179,0.8985707,0.7994227

3180,0.8983308,0.7989624

3181,0.8982632,0.7985064

3182,0.8981988,0.7981794

3183,0.8976982,0.7978217

3184,0.8975977,0.7975573

3185,0.8975377,0.7957834

3186,0.8975553,0.7950577

3187,0.8976118,0.7941602

3188,0.897633,0.7935753

3189,0.8975331,0.792419

3190,0.8973988,0.7917337

3191,0.8987956,0.7778302

3192,0.9007289,0.7599149

3193,0.9098291,0.6566373

3194,0.9135317,0.5974548

3195,0.9125621,0.4932813

3196,0.9092924,0.4325427

3197,0.9096352,0.4153124

3198,0.9093011,0.3936862

3199,0.9091434,0.3877503

3200,0.9096535,0.3809129

3201,0.9101748,0.3786039

3202,0.9110718,0.3754522

3203,0.9122297,0.3743975

3204,0.914331,0.3726311

3205,0.9151993,0.3725051

3206,0.9165791,0.3727204

3207,0.9158658,0.3724531

3208,0.9146109,0.3710177

3209,0.9151008,0.3700633

3210,0.9166783,0.3695396

3211,0.9167936,0.3697273

3212,0.9167947,0.3697958

3213,0.9171979,0.370095

3214,0.9177334,0.3707298

3215,0.917724,0.3706236

3216,0.9181608,0.3698982

3217,0.9190842,0.3695658

3218,0.9205308,0.3686986

3219,0.9218464,0.3696234

3220,0.9221155,0.3748495

3221,0.9217985,0.3944009

3222,0.9271444,0.4628255

3223,0.9383676,0.6155339

3224,0.9406816,0.6798182

3225,0.9418269,0.7710595

3226,0.9425794,0.7954376

3227,0.9426385,0.8246607

3228,0.9420836,0.8325709

3229,0.9420585,0.8402315

3230,0.9421089,0.8419918

3231,0.9421971,0.8446392

3232,0.9424812,0.8464727

3233,0.9424389,0.8506525

3234,0.9424714,0.8517759

3235,0.9424345,0.8541357

3236,0.9426732,0.8557662

3237,0.9428793,0.8564206

3238,0.9431953,0.8565636

3239,0.9449246,0.8588176

3240,0.9453508,0.8598421

3241,0.9447001,0.8553539

3242,0.9478949,0.8881715

3243,0.953398,0.9524623

3244,0.9546607,0.9750143

3245,0.9480181,0.9794962

3246,0.9473222,0.9855752

3247,0.9476492,0.9885687

3248,0.9448611,0.9852812

3249,0.9448611,0.9852812

3250,0.9448611,0.9852812

3251,0.9448611,0.9852812

3252,0.9448611,0.9852812

3253,0.9448611,0.9852812

3254,0.9448611,0.9852812

3255,0.9448611,0.9852812

3256,0.951609,1.010049

3257,0.9507587,1.008735

3258,0.9507913,1.009471

3259,0.9511559,1.010799

3260,0.9522519,1.015645

3261,0.9530773,1.018415

3262,0.9530773,1.018415

3263,0.9530773,1.018415

3264,0.9530773,1.018415

3265,0.9530773,1.018415

3266,0.9642739,0.9146771

3267,0.9674943,0.8901884

3268,0.9732103,0.7510754

3269,0.9735628,0.6722248

3270,0.9622369,0.5246799

3271,0.9550142,0.4675819

3272,0.9493559,0.404425

3273,0.9481508,0.3892998

3274,0.9473308,0.3725312

3275,0.9473694,0.3684691

3276,0.9457958,0.3618606

3277,0.944281,0.3580195

3278,0.9434898,0.3556646

3279,0.9426613,0.3524336

3280,0.9431937,0.3513327

3281,0.9433486,0.353224

3282,0.9441644,0.3543698

3283,0.9456465,0.3529909

3284,0.9458928,0.352212

3285,0.9465424,0.3507815

3286,0.9469015,0.3501143

3287,0.9471658,0.3484583

3288,0.9468471,0.3474664

3289,0.9462962,0.3454658

3290,0.9464468,0.3445406

3291,0.9469977,0.3436757

3292,0.9472629,0.3433718

3293,0.9473121,0.3375354

3294,0.9453112,0.3230591

3295,0.9350076,0.2694114

3296,0.9235559,0.2409254

3297,0.9080583,0.1906421

3298,0.9042101,0.1704071

3299,0.8976536,0.144739

3300,0.8953645,0.1355041

3301,0.892852,0.1250235

3302,0.8918799,0.1210971

3303,0.8901763,0.1139534

3304,0.888509,0.1076789

3305,0.8845361,0.1053273

3306,0.8440176,0.1128799

3307,0.8073367,0.1228196

3308,0.7216787,0.1461115

3309,0.6880917,0.1556111

3310,0.6459062,0.1643101

3311,0.6330094,0.1670176

3312,0.618421,0.1705627

3313,0.6140216,0.1716788

3314,0.6090757,0.174223

3315,0.6071869,0.1751597

3316,0.6056659,0.1757387

3317,0.6052063,0.1753413

3318,0.604768,0.174696

3319,0.6045902,0.1743951

3320,0.6041061,0.1730524

3321,0.6041296,0.1722152

3322,0.6032132,0.1703656

3323,0.6034418,0.1695743

3324,0.603651,0.1692787

3325,0.6035606,0.1689897

3326,0.6035069,0.1685817

3327,0.6035,0.1687349

3328,0.5931764,0.1749771

3329,0.5752308,0.1901234

3330,0.5020474,0.2680731

3331,0.4598557,0.3146125

3332,0.3667852,0.4248032

3333,0.3368504,0.4653183

3334,0.3096275,0.5149016

3335,0.2999156,0.5357201

3336,0.2975855,0.5393518

3337,0.2939704,0.5398219

3338,0.2924147,0.5401547

3339,0.2916454,0.5404452

3340,0.291813,0.5404684

3341,0.2913716,0.5430331

3342,0.2907362,0.5439793

3343,0.2892382,0.5420778

3344,0.2885254,0.5405781

3345,0.2872703,0.5388109

3346,0.2868537,0.5386694

3347,0.2867905,0.5404462

3348,0.2870288,0.5407147

3349,0.2884125,0.5393895

3350,0.2890231,0.5389852

3351,0.2886816,0.5367649

3352,0.2884787,0.5356429

3353,0.2880926,0.5342536

3354,0.2880037,0.5337484

3355,0.2882658,0.5321887

3356,0.2884384,0.5310108

3357,0.291623,0.5208051

3358,0.30178,0.4946914

3359,0.343572,0.4112859

3360,0.3798147,0.357553

3361,0.4693466,0.2595435

3362,0.5691595,0.1763061

3363,0.6163653,0.142507

3364,0.6827762,0.09765607

3365,0.6989588,0.08716733

3366,0.7175393,0.0735725

3367,0.7220066,0.06839681

3368,0.7262644,0.06562679

3369,0.7276672,0.06501123

3370,0.7295361,0.06270307

3371,0.7301398,0.06261995

3372,0.7311347,0.06226439

3373,0.7316669,0.06343116

3374,0.7324986,0.06466799

3375,0.7327792,0.06378017

3376,0.7321136,0.06319568

3377,0.7238634,0.0666469

3378,0.6927927,0.08472505

3379,0.6633748,0.1056642

3380,0.5622168,0.1800053

3381,0.5156196,0.2130306

3382,0.4518759,0.256559

3383,0.4325784,0.26953

3384,0.4116663,0.2833457

3385,0.4062756,0.2865835

3386,0.3999735,0.2907597

3387,0.3981998,0.292445

3388,0.3959746,0.293141

3389,0.3944637,0.2931639

3390,0.3935769,0.2943421

3391,0.3905985,0.2958057

3392,0.3895617,0.2953787

3393,0.3897919,0.2958964

3394,0.3900348,0.2963867

3395,0.3898836,0.2972895

3396,0.3899802,0.2974364

3397,0.3900992,0.2965343

3398,0.3899119,0.2959222

3399,0.3894598,0.2953392

3400,0.3894054,0.2953663

3401,0.389449,0.2961155

3402,0.389365,0.2962932

3403,0.3897322,0.2965449

3404,0.389788,0.2963896

3405,0.3898464,0.2948063

3406,0.389802,0.2942964

3407,0.3896028,0.2945691

3408,0.3897577,0.2947753

3409,0.3895831,0.2959792

3410,0.3886095,0.3031462

3411,0.3844395,0.4049925

3412,0.3857246,0.5054898

3413,0.4103803,0.7642819

3414,0.4234485,0.8683443

3415,0.4383191,1.001405

3416,0.4415102,1.030697

3417,0.443924,1.05718

3418,0.4448958,1.064376

3419,0.4496781,1.069235

3420,0.4491964,1.070872

3421,0.4482607,1.069956

3422,0.4482721,1.067164

3423,0.447754,1.067325

3424,0.4476737,1.066717

3425,0.4481431,1.065082

3426,0.4477739,1.062032

3427,0.4475502,1.059674

3428,0.4475461,1.056915

3429,0.4478562,1.054589

3430,0.4483531,1.051993

3431,0.4484468,1.051551

3432,0.452187,1.047959

3433,0.4548805,1.04418

3434,0.458115,1.037672

3435,0.4594754,1.035071

3436,0.4616418,1.029838

3437,0.4625941,1.028219

3438,0.4642691,1.026982

3439,0.464928,1.026975

3440,0.4659555,1.026322

3441,0.4662989,1.026234

3442,0.4667318,1.026651

3443,0.4670067,1.026823

3444,0.4675892,1.027341

3445,0.4678763,1.027381

3446,0.4684308,1.027874

3447,0.4686108,1.028688

3448,0.468574,1.030358

3449,0.4684108,1.032744

3450,0.4683015,1.033777

3451,0.4684512,1.035661

3452,0.4686649,1.036816

3453,0.469065,1.038663

3454,0.4691255,1.039068

3455,0.469203,1.039692

3456,0.4694625,1.04025

3457,0.4700575,1.041217

3458,0.4701912,1.041251

3459,0.4702082,1.041649

3460,0.4702711,1.042108

3461,0.4702134,1.042478

3462,0.4686373,1.039699

3463,0.455308,1.013736

3464,0.4335551,0.9698452

3465,0.3595973,0.8245099

3466,0.3168381,0.7416306

3467,0.2412007,0.5747608

3468,0.2198482,0.5119148

3469,0.1958668,0.4352914

3470,0.190767,0.4167175

3471,0.186005,0.3936028

3472,0.187079,0.3863454

3473,0.1890445,0.3754733

3474,0.1888273,0.3730244

3475,0.1905132,0.3717364

3476,0.1922226,0.3663625

3477,0.1928851,0.3640489

3478,0.1930026,0.3631838

3479,0.1924713,0.3621565

3480,0.192031,0.3599006

3481,0.1921375,0.3579161

3482,0.1933275,0.3528122

3483,0.194339,0.3507569

3484,0.1945035,0.3472973

3485,0.1942221,0.3455998

3486,0.1940662,0.3425409

3487,0.193599,0.3414104

3488,0.1972594,0.3537895

3489,0.2019985,0.3681263

3490,0.2700379,0.5491039

3491,0.315015,0.6554992

3492,0.3946991,0.8376855

3493,0.4183664,0.893698

3494,0.4408077,0.951983

3495,0.4458749,0.964324

3496,0.4517085,0.9797148

3497,0.4527648,0.9841012

3498,0.453651,0.9876754

3499,0.4539652,0.9891058

3500,0.4544988,0.9890762

3501,0.4547904,0.9898649

3502,0.4561307,0.9954581

3503,0.4564579,0.9973958

3504,0.458001,0.9980521

3505,0.4585342,0.9979674

3506,0.4577071,0.9990314

3507,0.4576825,0.9987687

3508,0.4583576,0.9985735

3509,0.4583386,0.9986124

3510,0.4579065,0.9987087

3511,0.4580514,0.9992619

3512,0.458223,0.9993516

3513,0.4577,0.9996091

3514,0.4571889,1.000451

3515,0.4571917,1.002259

3516,0.4576224,1.002812

3517,0.4582502,1.003375

3518,0.458342,1.003668

3519,0.4581878,1.004771

3520,0.4581161,1.00522

